67583
67582
67581
67580
67579
67578
67577
67576
67575
67574
67573
67572
67571
67570
67543
67542
67541
67540
67539
67538
67537
67536
67535
67534
67533
67532
67531
67530
67529
67528
67527
67526
67525
67524
67523
67522
67521
67520
67519
67518
67504
67503
67502
67501
67500
67499
67498
67497
67496
67495
67494
67492
67490
67485
67484
67482
67480
67478
67474
67472
67471
67469
67468
67462
67457
67444
67442
67426
67424
67049
67048
67047
67046
67045
67044
67043
67042
67040
67039
67038
67037
67036
67035
67034
67033
67032
67031
67030
67029
67028
67027
67026
67025
67024
67023
67022
67021
67020
67019
67018
67017
67016
67015
67014
67013
67012
67011
67010
67009
67008
67007
67006
67005
67004
67003
67002
67001
67000
66999
66998
66997
66996
66995
66994
66993
66992
66991
66990
66989
66988
66987
66986
66985
66984
66983
66982
66981
66980
66979
66978
66977
66976
66975
66974
66973
66972
66971
66970
66969
66968
66967
66966
66965
66964
66963
66962
66961
66960
66959
66958
66957
66956
66955
66954
66953
66952
66951
66950
66949
66948
66947
66946
66944
66943
66942
66941
66940
66939
66938
66937
66936
66935
66934
66933
66932
66931
66930
66929
66928
66927
66926
66925
66924
66923
66922
66921
66920
66919
66918
66917
66915
66914
66913
66912
66911
66910
66909
66908
66907
66906
66905
66904
66903
66902
66901
66900
66899
66898
66897
66896
66895
66894
66893
66892
66891
66890
66889
66887
66886
66885
66884
66883
66882
66881
66880
66879
66878
66876
66875
66874
66873
66872
66871
66870
66869
66868
66866
66865
66864
66863
66862
66861
66860
66859
66858
66857
66856
66855
66854
66853
66852
66851
66850
66849
66848
66846
66845
66844
66843
66842
66841
66840
66839
66838
66837
66836
66835
66834
66833
66832
66831
66830
66829
66828
66827
66826
66825
66824
66823
66822
66821
66820
66819
66818
66817
66816
66815
66814
66813
66812
66811
66810
66809
66808
66807
66806
66805
66804
66803
66802
66801
66799
66798
66797
66796
66795
66794
66793
66792
66791
66790
66789
66788
66787
66786
66785
66784
66783
66782
66781
66780
66779
66778
66777
66776
66775
66774
66773
66772
66771
66770
66769
66768
66767
66766
66765
66764
66763
66762
66761
66760
66759
66758
66757
66756
66755
66754
66753
66752
66751
66750
66749
66748
66746
66745
66744
66743
66742
66741
66740
66739
66738
66737
66736
66735
66734
66733
66732
66730
66729
66728
66727
66726
66724
66723
66721
66720
66719
66718
66717
66716
66715
66714
66713
66712
66711
66710
66709
66708
66707
66706
66705
66704
66703
66702
66701
66700
66699
66698
66697
66696
66695
66694
66693
66692
66691
66690
66688
66687
66686
66685
66684
66683
66682
66681
66680
66679
66678
66677
66676
66675
66674
66673
66672
66671
66670
66669
66668
66667
66666
66665
66664
66663
66662
66661
66660
66659
66658
66657
66656
66655
66654
66653
66652
66651
66650
66648
66647
66646
66645
66644
66643
66642
66641
66640
66639
66638
66637
66635
66274
66273
66272
66271
66270
66269
66268
66267
66266
66265
66264
66263
66262
66261
66260
66259
66258
66257
66256
66255
66254
66253
66252
66251
66250
66249
66248
66247
66246
66245
66244
66243
66242
66241
66240
66239
66238
66237
66236
66235
66234
66233
66232
66231
66230
66229
66228
66227
66226
66225
66224
66223
66222
66221
66220
66219
66218
66217
66216
66215
66214
66213
66212
66211
66210
66209
66208
66207
66206
66205
66204
66203
66202
66201
66200
66199
66198
66197
66196
66195
66194
66193
66192
66191
66190
66189
66188
66187
66186
66185
66184
66183
66182
66181
66180
66179
66178
66177
66176
66175
66174
66173
66172
66171
66170
66169
66168
66167
66166
66165
66164
66163
66162
66161
66160
66159
66158
66157
66156
66155
66154
66153
66152
66151
66150
66149
66148
66147
66146
66145
66144
66143
66142
66141
66140
66139
66138
66137
66136
66135
66134
66133
66132
66131
66130
66129
66128
66127
66126
66125
66124
66123
66122
66121
66120
66119
66118
66117
66116
66115
66114
66113
66112
66111
66110
66109
66108
66107
66106
66105
66104
66103
66102
66101
66100
66099
66098
66097
66096
66095
66094
66093
66092
66091
66090
66089
66088
66087
66086
66085
66084
66083
66082
66081
66080
66079
66078
66077
66076
66075
66074
66073
66072
66071
66070
66069
66068
66067
66066
66065
66064
66063
66062
66061
66060
66059
66058
66057
66056
66055
66054
66053
66052
66051
66050
66049
66048
66047
66046
66045
66044
66043
66042
66041
66040
66039
66038
66037
66036
66035
66034
66033
66032
66031
66030
66029
66028
66027
66026
66025
66024
66023
66022
66021
66020
66019
66018
66017
66016
66015
66014
66013
66012
66011
66010
66009
66008
66007
66006
66005
66004
66003
66002
66001
66000
65999
65998
65997
65996
65995
65994
65993
65992
65991
65990
65989
65988
65987
65986
65985
65984
65983
65982
65981
65980
65979
65978
65977
65976
65975
65974
65973
65972
65971
65970
65969
65968
65967
65966
65965
65964
65963
65962
65961
65960
65959
65958
65957
65956
65955
65954
65953
65952
65951
65950
65949
65948
65947
65946
65945
65944
65943
65942
65941
65940
65939
65938
65937
65936
65935
65934
65933
65932
65931
65930
65929
65928
65927
65926
65925
65924
65923
65922
65921
65920
65919
65918
65917
65916
65915
65554
65553
65552
65551
65550
65549
65548
65547
65546
65545
65544
65543
65542
65541
65540
65539
65538
65537
65536
65535
65534
65533
65532
65531
65530
65529
65528
65527
65526
65525
65524
65523
65522
65521
65520
65519
65518
65517
65516
65515
65514
65513
65512
65511
65510
65509
65508
65507
65506
65505
65504
65503
65502
65501
65500
65499
65498
65497
65496
65495
65494
65493
65492
65491
65490
65489
65488
65487
65486
65485
65484
65483
65482
65481
65480
65479
65478
65477
65476
65475
65474
65473
65472
65471
65470
65469
65468
65467
65466
65465
65464
65463
65462
65461
65460
65459
65458
65457
65456
65455
65454
65453
65452
65451
65450
65449
65448
65447
65446
65445
65444
65443
65442
65441
65440
65439
65438
65437
65436
65435
65434
65433
65432
65431
65430
65429
65428
65427
65426
65425
65424
65423
65422
65421
65420
65419
65418
65417
65416
65415
65414
65413
65412
65411
65410
65409
65408
65407
65406
65405
65404
65403
65402
65401
65400
65399
65398
65397
65396
65395
65394
65393
65392
65390
65389
65388
65387
65386
65385
65384
65383
65382
65381
65380
65379
65378
65377
65376
65375
65374
65373
65372
65371
65370
65369
65368
65367
65366
65365
65364
65363
65362
65361
65360
65359
65358
65357
65356
65355
65354
65353
65352
65351
65350
65349
65348
65347
65346
65345
65344
65343
65342
65341
65340
65339
65338
65337
65336
65335
65334
65333
65332
65331
65330
65329
65328
65327
65326
65325
65324
65323
65322
65321
65320
65319
65318
65317
65316
65315
65314
65313
65312
65311
65310
65309
65308
65307
65306
65305
65304
65303
65302
65301
65300
65299
65298
65297
65296
65295
65294
65293
65292
65291
65290
65289
65288
65287
65286
65285
65284
65283
65282
65281
65280
65279
65278
65277
65276
65275
65274
65273
65272
65271
65270
65269
65268
65267
65266
65265
65264
65263
65262
65261
65260
65259
65258
65257
65256
65255
65254
65253
65252
65251
65250
65249
65248
65247
65246
65245
65244
65243
65242
65241
65240
65239
65238
65237
65236
65235
65234
65233
65232
65231
65230
65229
65228
65227
65226
65225
65224
65223
65222
65221
65220
65219
65218
65217
65216
65215
65214
65213
65212
65211
65210
65209
65208
65207
65206
65205
65204
65203
65202
65201
65200
65199
65198
65197
65196
65195
64831
64830
64829
64828
64827
64826
64825
64824
64823
64822
64821
64820
64819
64818
64817
64816
64815
64814
64813
64812
64811
64810
64809
64808
64807
64806
64805
64804
64803
64802
64801
64800
64799
64798
64797
64796
64795
64794
64793
64792
64791
64790
64789
64788
64787
64786
64785
64784
64783
64782
64781
64780
64779
64778
64777
64776
64775
64774
64773
64772
64771
64770
64769
64768
64767
64766
64765
64764
64763
64762
64761
64760
64759
64758
64757
64756
64755
64754
64753
64752
64751
64750
64749
64748
64747
64746
64745
64744
64743
64742
64741
64740
64739
64738
64737
64736
64735
64734
64733
64732
64731
64730
64729
64728
64727
64726
64725
64724
64723
64722
64721
64720
64719
64718
64717
64716
64715
64714
64713
64712
64711
64710
64709
64708
64707
64706
64705
64704
64703
64702
64701
64700
64699
64698
64697
64696
64695
64694
64693
64692
64691
64690
64689
64688
64687
64686
64685
64684
64683
64682
64681
64680
64679
64678
64677
64676
64675
64674
64673
64672
64671
64670
64669
64668
64667
64666
64665
64664
64663
64662
64661
64660
64659
64658
64657
64656
64655
64654
64653
64652
64651
64650
64649
64648
64647
64646
64645
64644
64643
64642
64641
64640
64639
64638
64637
64636
64635
64634
64633
64632
64631
64630
64629
64628
64627
64626
64625
64624
64623
64622
64621
64620
64619
64618
64617
64616
64615
64614
64613
64612
64611
64610
64609
64608
64607
64606
64605
64604
64603
64602
64601
64600
64599
64598
64597
64596
64595
64594
64593
64592
64591
64590
64589
64588
64587
64586
64585
64584
64583
64582
64581
64580
64579
64578
64577
64576
64575
64574
64573
64572
64571
64570
64569
64568
64567
64566
64565
64564
64563
64562
64561
64560
64559
64558
64557
64556
64555
64554
64553
64552
64551
64550
64549
64548
64547
64546
64545
64544
64543
64542
64541
64540
64539
64538
64537
64536
64535
64534
64533
64532
64531
64530
64529
64528
64527
64526
64525
64524
64523
64522
64521
64520
64519
64518
64517
64516
64515
64514
64513
64512
64511
64510
64509
64508
64507
64506
64505
64504
64503
64502
64501
64500
64499
64498
64497
64496
64495
64494
64493
64492
64491
64490
64489
64488
64487
64486
64485
64484
64483
64482
64481
64480
64479
64478
64477
64476
64475
64474
64473
64472
64471
64470
64469
64110
64109
64108
64107
64106
64105
64104
64103
64102
64101
64100
64099
64098
64097
64096
64095
64094
64093
64092
64091
64090
64089
64088
64087
64086
64085
64084
64083
64082
64081
64080
64079
64078
64077
64076
64075
64074
64073
64072
64071
64070
64069
64068
64067
64066
64065
64064
64063
64062
64061
64060
64059
64058
64057
64056
64055
64054
64053
64052
64051
64050
64049
64048
64047
64046
64045
64044
64043
64042
64041
64040
64039
64038
64037
64036
64035
64034
64033
64032
64031
64030
64029
64028
64027
64026
64025
64024
64023
64022
64021
64020
64019
64018
64017
64016
64015
64014
64013
64012
64011
64010
64009
64008
64007
64006
64005
64004
64003
64002
64001
64000
63999
63998
63997
63996
63995
63994
63993
63992
63991
63990
63989
63988
63987
63986
63985
63984
63983
63982
63981
63980
63979
63978
63977
63976
63975
63974
63973
63972
63971
63970
63969
63968
63967
63966
63965
63964
63963
63962
63961
63960
63959
63958
63957
63956
63955
63954
63953
63952
63951
63950
63949
63948
63947
63946
63945
63944
63943
63942
63941
63940
63939
63938
63937
63936
63935
63934
63933
63932
63931
63930
63929
63928
63927
63926
63925
63924
63923
63922
63921
63920
63919
63918
63917
63916
63915
63914
63913
63912
63911
63910
63909
63908
63907
63906
63905
63904
63903
63902
63901
63900
63899
63898
63897
63896
63895
63894
63893
63892
63891
63890
63889
63888
63887
63886
63885
63884
63883
63882
63881
63880
63879
63878
63877
63876
63875
63874
63873
63872
63871
63870
63869
63868
63867
63866
63865
63864
63863
63862
63861
63860
63859
63858
63857
63856
63855
63854
63853
63852
63851
63850
63849
63848
63847
63846
63845
63844
63843
63842
63841
63840
63839
63838
63837
63836
63835
63834
63833
63832
63831
63830
63829
63828
63827
63826
63825
63824
63823
63822
63821
63820
63819
63818
63817
63816
63815
63814
63813
63812
63811
63810
63809
63808
63807
63806
63805
63804
63803
63802
63801
63800
63799
63798
63797
63796
63795
63794
63793
63792
63791
63790
63789
63788
63787
63786
63785
63784
63783
63782
63781
63780
63779
63778
63777
63776
63775
63774
63773
63772
63771
63770
63769
63768
63767
63766
63765
63764
63763
63762
63761
63760
63759
63758
63757
63756
63755
63754
63753
63394
63393
63392
63391
63390
63389
63388
63387
63386
63385
63384
63383
63382
63381
63380
63379
63378
63377
63376
63375
63374
63373
63372
63371
63370
63369
63368
63367
63366
63365
63364
63363
63362
63361
63360
63359
63358
63357
63356
63355
63354
63353
63352
63351
63350
63349
63348
63347
63346
63345
63344
63343
63342
63341
63340
63339
63338
63337
63336
63335
63334
63333
63332
63331
63330
63329
63328
63327
63326
63325
63324
63323
63322
63321
63320
63319
63318
63317
63316
63315
63314
63313
63312
63311
63310
63309
63308
63307
63306
63305
63304
63303
63302
63301
63300
63299
63298
63297
63296
63295
63294
63293
63292
63291
63290
63289
63288
63287
63286
63285
63284
63283
63282
63281
63280
63279
63278
63277
63276
63275
63274
63273
63272
63271
63270
63269
63268
63267
63266
63265
63264
63263
63262
63261
63260
63259
63258
63257
63256
63255
63254
63253
63252
63251
63250
63249
63248
63247
63246
63245
63244
63243
63242
63241
63240
63239
63238
63237
63236
63235
63234
63233
63232
63231
63230
63229
63228
63227
63226
63225
63224
63223
63222
63221
63220
63219
63218
63217
63216
63215
63214
63213
63212
63211
63210
63209
63208
63207
63206
63205
63204
63203
63202
63201
63200
63199
63198
63197
63196
63195
63194
63193
63192
63191
63190
63189
63188
63187
63186
63185
63184
63183
63182
63181
63180
63179
63178
63177
63176
63175
63174
63173
63172
63171
63170
63169
63168
63167
63166
63165
63164
63163
63162
63161
63160
63159
63158
63157
63156
63155
63154
63153
63152
63151
63150
63149
63148
63147
63146
63145
63144
63143
63142
63141
63140
63139
63138
63137
63136
63135
63134
63133
63132
63131
63130
63129
63128
63127
63126
63125
63124
63123
63122
63121
63120
63119
63118
63117
63116
63115
63114
63113
63112
63111
63110
63109
63108
63107
63106
63105
63104
63103
63102
63101
63100
63099
63098
63097
63096
63095
63094
63093
63092
63091
63090
63089
63088
63087
63086
63085
63084
63083
63082
63081
63080
63079
63078
63077
63076
63075
63074
63073
63072
63071
63070
63069
63068
63067
63066
63065
63064
63063
63062
63061
63060
63059
63058
63057
63056
63055
63054
63053
63052
63051
63050
63049
63048
63047
63046
63045
63044
63043
63042
63041
63040
63039
63038
63037
62692
62691
62690
62689
62688
62687
62686
62685
62684
62683
62682
62681
62680
62679
62678
62677
62676
62675
62674
62673
62672
62671
62670
62669
62668
62667
62666
62665
62664
62663
62662
62661
62660
62659
62658
62657
62656
62655
62654
62653
62652
62651
62650
62649
62648
62647
62646
62645
62644
62643
62642
62641
62640
62639
62638
62637
62636
62635
62634
62633
62632
62631
62630
62629
62627
62626
62625
62624
62623
62622
62621
62620
62619
62618
62617
62616
62615
62614
62613
62612
62611
62610
62609
62608
62607
62606
62605
62604
62603
62602
62601
62600
62599
62598
62597
62596
62595
62594
62593
62592
62591
62590
62589
62588
62587
62586
62585
62584
62583
62582
62581
62580
62579
62578
62577
62576
62575
62574
62573
62572
62571
62570
62569
62568
62567
62566
62565
62564
62563
62562
62561
62560
62559
62558
62557
62556
62555
62554
62553
62552
62551
62550
62549
62548
62547
62546
62545
62544
62543
62542
62541
62540
62539
62538
62537
62536
62535
62534
62533
62532
62531
62530
62529
62528
62527
62526
62525
62524
62523
62522
62521
62520
62519
62518
62517
62516
62515
62514
62513
62512
62511
62510
62509
62508
62507
62506
62505
62504
62503
62502
62501
62500
62499
62498
62497
62496
62495
62494
62493
62492
62491
62490
62489
62488
62487
62486
62485
62484
62483
62482
62481
62480
62479
62478
62477
62476
62475
62474
62473
62472
62471
62470
62469
62468
62467
62466
62465
62464
62463
62462
62461
62460
62459
62458
62457
62456
62455
62454
62453
62452
62451
62450
62449
62448
62447
62446
62445
62444
62443
62442
62441
62440
62439
62438
62437
62436
62435
62434
62433
62432
62431
62430
62429
62428
62427
62426
62425
62424
62423
62422
62421
62420
62419
62418
62417
62416
62415
62414
62413
62412
62411
62410
62409
62408
62407
62406
62405
62404
62403
62402
62401
62400
62399
62398
62397
62396
62395
62394
62393
62392
62391
62390
62389
62388
62387
62386
62385
62384
62383
62382
62381
62380
62379
62378
62377
62376
62375
62374
62373
62372
62371
62370
62369
62368
62367
62366
62365
62364
62363
62362
62361
62360
62359
62358
62357
62356
62355
62354
62353
62352
62351
62350
62349
62002
62001
62000
61999
61998
61997
61996
61995
61994
61993
61992
61991
61990
61989
61988
61987
61986
61985
61984
61983
61982
61981
61980
61979
61978
61977
61976
61975
61974
61973
61972
61971
61970
61969
61968
61967
61966
61965
61964
61963
61962
61961
61960
61959
61958
61957
61956
61955
61954
61953
61952
61951
61950
61949
61948
61947
61946
61945
61944
61943
61942
61941
61940
61939
61938
61937
61936
61935
61934
61933
61932
61931
61930
61929
61928
61927
61926
61925
61924
61923
61922
61921
61920
61919
61918
61917
61916
61915
61914
61913
61912
61911
61910
61909
61908
61907
61906
61905
61904
61903
61902
61901
61900
61899
61898
61897
61896
61895
61894
61893
61892
61891
61890
61889
61888
61887
61886
61885
61884
61883
61882
61881
61880
61879
61878
61877
61876
61875
61874
61873
61872
61871
61870
61869
61868
61867
61866
61865
61864
61863
61862
61861
61860
61859
61858
61857
61856
61855
61854
61853
61852
61851
61850
61849
61848
61847
61846
61845
61844
61843
61842
61841
61840
61839
61838
61837
61836
61835
61834
61833
61832
61831
61830
61829
61828
61827
61826
61825
61824
61823
61822
61821
61820
61819
61818
61817
61816
61815
61814
61813
61812
61811
61810
61809
61808
61807
61806
61805
61804
61803
61802
61801
61800
61799
61798
61797
61796
61795
61794
61793
61792
61791
61790
61789
61788
61787
61786
61785
61784
61783
61782
61781
61780
61779
61778
61777
61776
61775
61774
61773
61772
61771
61770
61769
61768
61767
61766
61765
61764
61763
61762
61761
61760
61759
61758
61757
61756
61755
61754
61753
61752
61751
61750
61749
61748
61747
61746
61745
61744
61743
61742
61741
61740
61739
61738
61737
61736
61735
61734
61733
61732
61731
61730
61729
61728
61727
61726
61725
61724
61723
61722
61721
61720
61719
61718
61717
61716
61715
61714
61713
61712
61711
61710
61709
61708
61707
61706
61705
61704
61703
61702
61701
61700
61699
61698
61697
61696
61695
61694
61693
61692
61691
61690
61689
61688
61687
61686
61685
61684
61683
61682
61681
61680
61678
61677
61676
61675
61674
61673
61672
61671
61670
61669
61668
61667
61666
61665
61664
61663
61662
61661
61660
61659
61658
61657
61345
61344
61343
61342
61341
61340
61339
61338
61337
61336
61335
61334
61333
61332
61331
61330
61329
61328
61327
61326
61325
61324
61323
61322
61321
61320
61319
61318
61317
61316
61315
61314
61313
61312
61311
61310
61309
61308
61307
61306
61305
61304
61303
61302
61301
