163275
163274
163273
163272
163271
163270
163269
163268
163267
163266
163265
163264
163263
163262
163261
163260
163259
163258
163257
163256
163255
163254
163253
163252
163251
163250
163249
163248
163247
163246
163245
163244
163243
163242
163241
163240
163239
163238
163237
163236
163235
163234
163233
163232
163231
163230
163229
163228
163227
163226
163225
163224
163223
163222
163221
163220
163219
163218
163217
163216
163215
163214
163213
163212
163211
163210
163196
163195
163194
163193
163191
163190
163189
163187
163184
163182
163118
163116
163114
163112
163110
163108
163106
163104
163102
163100
163099
162997
162799
162796
162726
162615
162550
162547
162546
162542
162538
162536
162533
162532
162530
162529
162527
162523
162521
162518
162516
162514
162512
162510
162508
162506
162504
162502
162456
162453
162451
162449
162447
162444
162441
162439
162412
162410
162407
162405
162403
162400
162397
162369
162367
162365
162363
162360
162356
162351
162316
162314
162312
162310
162308
162306
162304
162302
162301
162299
162289
162287
162285
162283
162092
162090
162088
162086
162084
162082
162080
162077
162069
162066
162064
162062
162059
162057
162054
162052
162050
162048
162010
162008
162006
162004
162002
161999
161998
161996
161994
161992
161990
161988
161984
161982
161980
161978
161976
161974
161970
161968
161966
161964
161961
161960
161959
161956
161954
161952
161950
161948
161946
161944
161942
161940
161938
161936
161934
161932
161903
161901
161899
161897
161896
161894
161892
161890
161888
161886
161884
161882
161880
161869
161864
161862
161860
161859
161857
161855
161854
161852
161402
161401
161400
161399
161398
161397
161396
161395
161394
161393
161392
161391
161390
161389
161388
161387
161386
161385
161384
161383
161382
161381
161380
161379
161378
161377
161376
161375
161374
161373
161372
161371
161370
161369
161368
161367
161366
161365
161364
161363
161362
161361
161360
161359
161358
161357
161356
161355
161354
161353
161352
161351
161350
161349
161348
161347
161346
161345
161344
161343
161342
161341
161340
161339
161338
161337
161336
161335
161334
161333
161332
161331
161330
161329
161328
161327
161326
161325
161324
161323
161322
161321
161320
161319
161318
161317
161316
161315
161314
161313
161312
161311
161310
161309
161308
161307
161306
161305
161304
161303
161302
161301
161300
161299
161298
161297
161296
161295
161294
161293
161292
161291
161290
161289
161288
161287
161286
161285
161284
161283
161282
161281
161280
161279
161278
161277
161276
161275
161274
161273
161272
161271
161270
161269
161268
161267
161266
161265
161264
161263
161262
161261
161260
161259
161258
161257
161256
161255
161254
161253
161252
161251
161250
161249
161248
161247
161246
161245
161244
161243
161242
161241
161240
161239
161238
161237
161236
161235
161234
161233
161232
161231
161230
161229
161228
161227
161226
161225
161224
161223
161222
161221
161220
161219
161218
161217
161216
161215
161214
161213
161212
161211
161210
161209
161208
161207
161206
161205
161204
161203
161202
161201
161200
161199
161198
161197
161196
161195
161194
161193
161192
161191
161190
161189
161188
161187
161186
161185
161184
161183
161182
161181
161180
161179
161178
161177
161176
161175
161174
161173
161172
161171
161170
161169
161168
161167
161166
161165
161164
161163
161162
161161
161160
161159
161158
161157
161156
161155
161154
161153
161152
161151
161150
161149
161148
161147
161146
161145
161144
161143
161142
161141
161140
161139
161138
161137
161136
161135
161134
161133
161132
161131
161130
161129
161128
161127
161126
161125
161124
161123
161122
161121
161120
161119
161118
161117
161116
161115
161114
161113
161112
161111
161110
161109
161108
161107
161106
161105
161104
161103
161102
161101
161100
161099
161098
161097
161096
161095
161094
161093
161092
161091
161090
161089
161088
161087
161086
161085
161084
161083
161082
161081
161080
161079
161078
161077
161076
161075
161074
161073
161072
161071
161070
161069
161068
161067
161066
161065
161064
161063
161062
161061
161060
161059
161058
161057
161056
161055
161054
161053
161052
161051
161050
161049
161048
161047
161046
161045
161044
161043
161042
161041
161040
161039
161038
161037
161036
161035
161034
161033
161032
161031
161030
161029
161028
161027
161026
161025
161024
161023
161022
161021
161020
161019
161018
161017
161016
161015
161014
161013
161012
161011
161010
161009
161008
161007
161006
161005
161004
161003
161002
161001
161000
160999
160998
160997
160996
160995
160994
160993
160992
160991
160990
160989
160988
160987
160986
160985
160984
160983
160982
160981
160980
160979
160978
160977
160976
160975
160974
160973
160972
160971
160970
160969
160968
160967
160966
160965
160964
160963
160962
160961
160960
160959
160958
160957
160956
160955
160954
160953
160952
160951
160950
160949
160948
160947
160946
160945
160944
160943
160942
160941
160940
160939
160938
160937
160936
160935
160934
160933
160932
160931
160930
160929
160928
160927
160926
160925
160924
160923
160922
160921
160920
160919
160918
160917
160916
160915
160914
160913
160912
160911
160910
160909
160908
160907
160906
160905
160904
160903
160902
160901
160900
160899
160898
160897
160896
160895
160894
160893
160892
160891
160890
160889
160888
160887
160886
160885
160884
160883
160882
160881
160880
160879
160878
160877
160876
160875
160874
160873
160872
160871
160870
160869
160868
160867
160866
160865
160864
160863
160862
160861
160860
160859
160858
160857
160856
160855
160854
160853
160852
160851
160850
160849
160848
160847
160846
160845
160844
160843
160842
160841
160840
160839
160838
160837
160836
160835
160834
160833
160832
160831
160830
160829
160828
160827
160826
160825
160824
160823
160822
160821
160820
160819
160818
160817
160816
160815
160814
160813
160812
160811
160810
160809
160808
160807
160806
160805
160804
160803
160802
160801
160800
160799
160798
160797
160796
160795
160794
160793
160792
160791
160790
160789
160788
160787
160786
160785
160784
160783
160782
160781
160780
160779
160778
160777
160776
160775
160774
160773
160772
160771
160770
160769
160768
160767
160766
160765
160764
160763
160762
160761
160760
160759
160758
160757
160756
160755
160754
160753
160752
160751
160750
160749
160748
160747
160746
160745
160744
160743
160742
160741
160740
160739
160738
160737
160736
160735
160734
160733
160732
160731
160730
160729
160728
160727
160726
160725
160724
160723
160722
160721
160720
160719
160718
160717
160716
160715
160714
160713
160712
160711
160710
160709
160708
160707
160706
160705
160704
160703
160702
160701
160700
160699
160698
160697
160696
160695
160694
160693
160692
160691
160690
160689
160688
160687
160686
160685
160684
160683
160682
160681
160680
160679
160678
160677
160676
160675
160674
160673
160672
160671
160670
160669
160668
160667
160666
160665
160664
160663
160662
160661
160660
160659
160658
160657
160656
160655
160654
160653
160652
160651
160650
160649
160648
160647
160646
160645
160644
160643
160642
160641
160640
160639
160638
160637
160636
160635
160634
160633
160632
160631
160630
160629
160628
160627
160626
160625
160624
160623
160622
160621
160620
160619
160618
160617
160616
160615
160614
160613
160612
160611
160610
160609
160608
160607
160606
160605
160604
160603
160602
160601
160600
160599
160598
160597
160596
160595
160594
160593
160592
160591
160590
160589
160588
160587
160586
160585
160584
160583
160582
160581
160580
160579
160578
160577
160576
160575
160574
160573
160572
160571
160570
160569
160568
160567
160566
160565
160564
160563
160562
160561
160560
160559
160558
160557
160556
160555
160554
160553
160552
160551
160550
160549
160548
160547
160546
160545
160544
160543
160542
160541
160540
160539
160538
160537
160536
160535
160534
157043
157042
157040
157038
157036
157034
157032
157030
157028
157026
157025
157023
157021
157019
157017
157015
157013
157011
157009
157006
157004
157002
157000
156998
156996
156994
156992
156990
156988
156986
156983
156981
156979
156977
156975
156973
156971
156969
156967
156965
156963
156961
156959
156957
156955
156953
156951
156949
156942
156939
156937
156935
156933
156931
156920
156918
156916
156914
156912
156911
156907
156905
156902
156900
156898
156895
156893
156891
156889
156887
156885
156883
156881
156879
156877
156875
156873
156871
156869
156868
156865
156863
156861
156859
156857
156827
156825
156823
156820
156819
156817
156815
156813
156811
156809
156807
156805
156803
156801
156799
156797
156795
156793
156791
156789
156787
156782
156780
156778
156776
156774
156772
156770
156768
156766
156764
156762
156760
156757
156755
156753
156751
156749
156747
156745
156743
156741
156739
156737
156735
156725
156723
156721
156719
156718
156715
156713
156711
156709
156707
156705
156703
156701
156699
156697
156695
156693
156691
156689
156666
156664
156661
156659
156657
156655
156653
156651
156649
156647
156645
156643
156641
156639
156637
156635
156633
156631
156629
156627
156511
156254
156253
156252
156251
156250
156249
156248
156247
156246
156245
156244
156243
156242
156241
156240
156239
156238
156237
156236
156235
156234
156233
156232
156230
156229
156228
156227
156226
156225
156224
156223
156222
156220
156219
156218
156217
156216
156215
156214
156213
156212
156211
156210
156209
156208
156207
156206
156205
156204
156203
156202
156201
156200
156199
156198
156197
156196
156195
156194
156193
156192
156191
156189
156188
156186
156185
156184
156182
156181
156180
156179
156178
156176
156174
156173
156172
156171
156170
156169
156168
156167
156166
156164
156163
156162
156161
156160
156159
156158
156155
156154
156144
156127
156126
156125
156110
156067
156039
156032
156031
156030
156029
156027
156024
156023
156022
156021
156017
156015
156013
156011
156009
156007
156005
156003
156001
155999
155997
155995
155993
155991
155989
155987
155974
155972
155967
155966
155964
155962
155960
155958
155956
155954
155952
155950
155948
155946
155944
155941
155939
155937
155935
155933
155931
155929
155927
155925
155923
155921
155919
155917
155915
155913
155871
155869
155868
155865
155863
155861
155860
155857
155855
155853
155851
155848
155846
155844
155842
155840
155820
155818
155816
155814
155812
155810
155808
155799
155798
155795
155793
155791
155789
155787
155785
155783
155781
155779
155777
155775
155773
155771
155769
155767
155765
155763
155761
155759
155757
155755
155753
155751
155749
155747
155745
155738
155736
155734
155732
155730
155728
155726
155724
155722
155720
155718
155716
155714
155712
155710
155708
155706
155704
155702
155700
155697
155695
155693
155663
155661
155659
155657
155655
155653
155651
155649
155647
155646
155645
155644
155643
155642
155641
155640
155639
155638
155628
155626
155624
155622
155620
155618
155616
155614
155612
155610
155608
155605
155603
155601
155599
155597
155595
155592
155589
155560
155558
155556
155554
155552
155550
155548
155546
155544
155542
155537
155535
155533
155531
155529
155527
155525
155523
155521
155519
155517
155515
155513
155511
155509
155506
155504
155503
155501
155498
155496
155494
155493
155490
155488
155487
155485
155483
155481
155479
155477
155475
155473
155471
155469
155467
155447
155445
155443
155441
155396
155394
155392
155390
155227
155226
154925
154924
154923
154922
154921
154920
154919
154918
154917
154916
154915
154914
154913
154912
154911
154910
154909
154908
154907
154906
154905
154904
154903
154902
154901
154900
154899
154898
154897
154896
154895
154894
154893
154892
154891
154890
154889
154888
154887
154886
154885
154884
154883
154882
154881
154880
154879
154878
154877
154876
154875
154874
154873
154872
154871
154870
154869
154868
154867
154866
154865
154864
154863
154862
154861
154860
154859
154858
154857
154856
154855
154854
154853
154852
154851
154850
154849
154848
154847
154846
154845
154844
154843
154842
154841
154840
154839
154838
154837
154836
154835
154834
154833
154832
154831
154830
154829
154828
154827
154826
154825
154824
154823
154822
154821
154820
154819
154818
154817
154816
154815
154814
154813
154812
154811
154810
154809
154808
154807
154806
154805
154804
154803
154802
154801
154800
154799
154798
154797
154796
154795
154794
154793
154792
154791
154790
154789
154788
154787
154786
154785
154784
154783
154782
154781
154780
154779
154778
154777
154776
154775
154774
154773
154772
154771
154770
154769
154768
154767
154766
154765
154764
154763
154762
154761
154760
154759
154758
154757
154756
154755
154754
154753
154752
154751
154750
154749
154748
154747
154746
154745
154744
154743
154742
154741
154740
154739
154738
154737
154736
154735
154734
154733
154732
154731
154730
154729
154728
154727
154726
154725
154724
154723
154722
154721
154720
154719
154718
154717
154716
154715
154714
154713
154712
154711
154710
154709
154708
154707
154706
154705
154704
154703
154702
154701
154700
154699
154698
154697
154696
154695
154694
154693
154692
154691
154690
154689
154688
154687
154686
154685
154684
154683
154682
154681
154680
154679
154678
154677
154676
154675
154674
154673
154672
154671
154670
154669
154668
154667
154666
154665
154664
154663
154662
154661
154660
154659
154658
154657
154656
154655
154654
154653
154652
154651
154650
154649
154648
154647
154646
154645
154644
154643
154642
154641
154640
154639
154638
154637
154636
154635
154634
154633
154632
154631
154630
154629
154628
154627
154626
154625
154624
154623
154622
154621
154620
154619
154618
154617
154616
154615
154614
154613
154612
154611
154610
154609
154608
154607
154606
154605
154604
154603
154602
154601
154600
154599
154598
154597
154596
154595
154594
154593
154592
154591
154590
154589
154588
154587
154586
154585
154584
154583
154582
154581
154580
154579
154578
154577
154576
154575
154574
154573
154572
154571
154570
154569
154568
154567
154566
154565
154564
154563
154562
154561
154560
154559
154558
154557
154556
154555
154554
154553
154552
154551
154550
154549
154548
154547
154546
154545
154544
154543
154542
154541
154540
154539
154538
154537
154536
154535
154534
154533
154532
154531
154530
154529
154528
154527
154526
154525
154524
154523
154522
154521
154520
154519
154518
154517
154516
154515
154514
154513
154512
154511
154510
154509
154508
154507
154506
154505
154504
154503
154502
154501
154500
154499
154498
154497
154496
154495
154494
154493
154492
154491
154490
154489
154488
154487
154486
154485
154484
154483
154482
154481
154480
154479
154478
154477
154476
154475
154474
154473
154472
154471
154470
154469
154468
154467
154466
154465
154464
154463
154462
154461
154460
154459
154458
154457
154456
154455
154454
154453
154452
154451
154450
154449
154448
154447
154446
154445
154444
154443
154442
154441
154440
154439
154438
154437
154436
154435
154434
154433
154432
154431
154430
154429
154428
154427
154426
154425
154424
154423
154422
154421
154420
154419
154418
154417
154416
154415
154414
154413
154412
154411
154410
154409
154408
154407
154406
154405
154404
154403
154402
154401
154400
154390
154389
154383
154382
154381
154380
154379
154378
154377
154376
154375
154374
154373
154372
154370
154368
154350
154348
154347
154346
154345
154344
154343
154342
154341
154340
154339
154338
154337
154336
154335
154334
154333
154332
154331
154330
154329
154328
154327
154326
154325
154295
154291
154223
154221
154219
154217
154215
154213
154211
154209
154207
154205
154203
154201
154199
154197
154195
154191
154189
154187
154185
154184
154181
154179
154177
154175
154173
154171
154169
154167
154165
154163
154161
154159
154157
154155
154153
154151
154149
154147
154145
154143
154141
154139
154137
154135
154133
154131
154129
154127
154125
154123
154121
154119
154117
154115
154113
154111
154109
154099
154097
154095
154093
154091
154089
154087
154085
154083
154081
154079
154077
154075
154073
154071
154069
154067
154065
154063
154061
154057
154055
154053
154051
154049
154047
154045
154043
154041
154039
154036
154031
154028
154026
154024
154022
154020
154018
154016
154014
154012
154010
154008
154006
154004
154002
153998
153996
153994
153320
153251
153242
153236
152225
152224
152223
152222
152221
152220
152219
152218
152045
152013
152007
152003
152002
152000
151998
151996
151995
151993
151991
151967
151965
151963
151960
151959
151957
151955
151953
151951
151949
151947
151945
151943
151941
151939
151937
151935
151933
151931
151929
151927
151925
151923
151921
151919
151917
151915
151913
151911
151909
151907
151905
151903
151901
151895
151893
151891
151889
151887
151885
151883
151881
151879
151877
151873
151871
151869
151866
151864
151862
151860
151857
151855
151853
151851
151849
151845
151843
151841
151839
151837
151835
151833
151826
151825
151824
151821
151819
151817
151815
151813
151811
151809
151807
151805
151797
151795
151793
151791
151789
151787
151785
151783
151781
151779
151777
151775
151773
151771
151769
151767
151765
151762
151760
151758
151756
151754
151752
151750
151748
151746
151700
151698
151696
151694
151692
151690
151688
151686
151683
151681
151679
151677
151675
151663
151656
151651
151645
151640
151636
151630
151621
151619
151605
151593
151587
151582
151580
151578
151136
151135
151134
151133
151132
151131
151130
151129
151128
151127
151126
151125
151124
151123
151122
151121
151120
151119
151118
151117
151116
151115
151114
151113
151112
151111
151110
151109
151108
151107
151106
151105
151104
151103
151102
151101
151100
151099
151098
151097
151096
151095
151094
151093
151092
151091
151090
151089
151088
151087
151086
151085
151084
151083
151082
151081
151080
151079
151078
151077
151076
151075
151074
151073
151072
151071
151070
151069
151068
151067
151066
151065
151064
151063
151062
151061
151060
151059
151058
151057
151056
151055
151054
151053
151052
151051
151050
151049
151048
151047
151046
151045
151044
151043
151042
151041
151040
151039
151038
151037
151036
151035
151034
151033
151032
151031
151030
151029
151028
151027
151026
151025
151024
151023
151022
151021
151020
151019
151018
151017
151016
151015
151014
151013
151012
151011
151010
151009
151008
151007
151006
151005
151004
151003
151002
151001
151000
150999
150998
150997
150996
150995
150994
150993
150992
150991
150990
150989
150988
150987
150986
150985
150984
150983
150982
150981
150980
150979
150978
150977
150976
150975
150974
150973
150972
150971
150970
150969
150968
150967
150966
150965
150964
150963
150962
150961
150960
150959
150958
150957
150956
150955
150954
150953
150952
150951
150950
150949
150948
150947
150946
150945
150944
150943
150942
150941
150940
150939
150938
150937
150936
150935
150934
150933
150932
150931
150930
150929
150928
150927
150926
150925
150924
150923
150922
150921
150920
150919
150918
150917
150916
150915
150914
150913
150912
150911
150910
150909
150908
150907
150906
150905
150904
150903
150902
150901
150900
150899
150898
150897
150896
150895
150894
150893
150892
150891
150890
150889
150888
150887
150886
150885
150884
150883
150882
150881
150880
150879
150878
150877
150876
150875
150874
150873
150872
150871
150870
150869
150868
150867
150866
150865
150864
150863
150862
150861
150860
150859
150858
150857
150856
150855
150854
150853
150852
150851
150850
150849
150848
150847
150846
150845
150844
150843
150842
150841
150840
150839
150838
150837
150836
150835
150834
150833
150832
150831
150830
150829
150828
150827
150826
150825
150824
150823
150822
150821
150820
150819
150818
150817
150816
150815
150814
150813
150812
150811
150810
150809
150808
150807
150806
150805
150804
150803
150802
150801
150800
150799
150798
150797
150796
150795
150794
150793
150792
150791
150790
150789
150788
150787
150786
150785
150784
150783
150782
150781
150780
150779
150778
150777
150776
150775
150774
150773
150772
150771
150770
150769
150768
150767
150766
150765
150764
150763
150762
150761
150760
150759
150758
150757
150756
150755
150754
150753
150752
150751
150750
150749
150748
150747
150746
150745
150744
150743
150742
150741
150740
150739
150738
150737
150736
150735
150734
150733
150732
150731
150730
150729
150728
150727
150726
150725
150724
150723
150722
150721
150720
150719
150718
150717
150716
150715
150714
150713
150712
150711
150710
150709
150708
150707
150706
150705
150704
150703
150702
150701
150700
150699
150698
150697
150696
150695
150694
150693
150692
150691
150690
150689
150688
150687
150686
150685
150684
150683
150682
150681
150680
150679
150678
150677
150676
150675
150674
150673
150672
150671
150670
150669
150668
150667
150666
150665
150664
150663
150662
150661
150660
150659
150658
150657
150653
150651
150649
150647
150645
150643
150641
150639
150637
150635
150632
150630
150629
150627
150623
150622
150620
150619
150618
150617
150616
150615
150614
150613
150612
150611
150610
150609
150608
150607
150606
150605
150604
150603
150602
150601
150600
150599
150598
150597
150596
150595
150594
150593
150572
150570
150568
150566
150564
150562
150560
150558
150556
150554
150552
150550
150548
150546
150544
150542
150535
150533
150531
150529
150527
150525
150523
150521
150519
150517
150511
150510
150509
150508
150506
150505
150503
150502
150501
150499
150498
150496
150495
150493
150492
150490
150489
150487
150486
150485
150483
150481
150480
150478
150477
150476
150474
150471
150470
150469
150468
150439
150437
150435
150433
150431
