121423
121422
121421
121420
121419
121418
121417
121416
121415
121414
121413
121412
121411
121410
121409
121408
121407
121406
121405
121404
121403
121402
121401
121400
121399
121398
121397
121396
121395
121394
121393
121392
121391
121390
121389
121388
121387
121386
121385
121384
121383
121382
121381
121380
121379
121378
121377
121376
121375
121374
121373
121372
121371
121370
121369
121368
121367
121366
121365
121364
121363
121362
121361
121360
121359
121358
121357
121356
121355
121354
121353
121352
121351
121350
121349
121348
121347
121346
121345
121344
121343
121342
121341
121340
121339
121338
121337
121336
121335
121334
121333
121332
121331
121330
121329
121328
121327
121326
121325
121324
121323
121322
121321
121320
121319
121318
121317
121316
121315
121314
121313
121312
121311
121310
121309
121308
121307
121306
121305
121304
121303
121302
121301
121300
121299
121298
121297
121296
121295
121294
121293
121292
121291
121290
121289
121288
121287
121286
121285
121284
121283
121282
121281
121280
121279
121278
121277
121276
121275
121274
121273
121272
121271
121270
121269
121268
121267
121266
121265
121264
121263
121262
121261
121260
121259
121258
121257
121255
121254
121253
121252
121251
121250
121249
121248
121247
121246
121245
121244
121243
121242
121241
121240
121239
121238
121237
121236
121235
121234
121233
121232
121231
121230
121229
121228
121227
121226
121225
121224
121223
121222
121221
121220
121219
121218
121217
121216
121215
121214
121213
121212
121211
121210
121209
121208
121207
121206
121205
121204
121203
121202
121201
121200
121199
121198
121197
121196
121195
121194
121193
121192
121191
121190
121189
121188
121187
121186
121185
121184
121183
121182
121181
121180
121179
121178
121177
121176
121175
121174
121173
121172
121171
121170
121169
121168
121167
121166
121165
121164
121163
121162
121161
121160
121159
121158
121157
121156
121155
121154
121153
121152
121151
121150
121149
121148
121147
121146
121145
121144
121143
121142
121141
121140
121139
121138
121137
121136
121135
121134
121133
121132
121131
121130
121129
121128
121127
121126
121125
121124
121123
121122
121121
121120
121119
121118
121117
121116
121115
121114
121113
121112
121111
121110
121109
121108
121107
121106
121105
121104
121103
121102
121101
121093
121089
121086
121083
121081
121079
121077
121074
121073
121072
121058
121034
121011
121007
121003
121001
120999
120991
120990
120987
120984
120983
120979
120977
120974
120973
120971
120962
120958
120176
120174
120149
120146
120145
119770
119769
119768
119767
119766
119765
119764
119763
119762
119761
119760
119759
119758
119757
119756
119755
119754
119753
119752
119751
119750
119749
119748
119747
119746
119745
119744
119743
119742
119741
119740
119739
119738
119737
119736
119735
119734
119733
119732
119731
119730
119729
119728
119727
119726
119725
119724
119723
119722
119721
119720
119719
119718
119717
119716
119715
119714
119713
119712
119711
119710
119709
119708
119707
119706
119705
119704
119703
119702
119701
119700
119699
119698
119697
119696
119695
119694
119693
119692
119691
119690
119689
119688
119687
119686
119685
119684
119683
119682
119681
119680
119679
119678
119677
119676
119675
119674
119673
119672
119671
119670
119669
119668
119667
119666
119665
119664
119663
119662
119661
119660
119659
119658
119657
119656
119655
119654
119653
119652
119651
119650
119649
119648
119647
119646
119645
119644
119643
119642
119641
119640
119639
119638
119637
119636
119635
119634
119633
119632
119631
119630
119629
119628
119627
119626
119625
119624
119623
119622
119621
119620
119619
119618
119617
119616
119615
119614
119613
119612
119611
119610
119609
119608
119607
119606
119605
119604
119603
119602
119601
119600
119599
119598
119597
119596
119595
119594
119593
119592
119591
119590
119589
119588
119587
119586
119585
119584
119583
119582
119581
119580
119579
119578
119577
119576
119575
119574
119573
119572
119571
119570
119569
119568
119567
119566
119565
119564
119563
119562
119561
119560
119559
119558
119557
119556
119555
119554
119553
119552
119551
119550
119548
119547
119546
119545
119544
119543
119542
119541
119540
119539
119538
119537
119536
119535
119534
119533
119532
119531
119530
119529
119528
119527
119526
119525
119524
119523
119522
119521
119520
119519
119518
119517
119516
119515
119514
119513
119512
119511
119510
119509
119508
119507
119506
119505
119504
119503
119502
119501
119500
119499
119498
119497
119496
119495
119494
119493
119492
119491
119490
119489
119488
119487
119486
119485
119484
119483
119482
119481
119480
119479
119478
119477
119476
119475
119474
119473
119472
119471
119470
119469
119468
119467
119466
119465
119464
119463
119462
119461
119460
119459
119458
119457
119456
119455
119454
119453
119452
119451
119450
119449
119448
119447
119446
119445
119444
119443
119442
119441
119440
119439
119438
119437
119436
119435
119434
119433
119432
119431
119430
119429
119428
119427
119426
119425
119424
119423
119422
119421
119420
119419
119418
119417
119416
119415
119414
119413
119412
119411
119410
119409
119408
119407
119406
119405
119404
119403
119402
119401
119400
119399
119398
119397
119396
119395
119394
119393
119392
119391
119390
119389
119388
119387
119386
119385
119384
119383
119382
119381
119380
119379
119378
119377
119376
119375
119374
119373
119372
119371
119370
119369
119368
119367
119366
119365
119364
119363
119362
119361
119360
119359
119358
119357
119356
119355
119354
119353
119352
119351
119350
119349
119348
119347
119346
119345
119344
119343
119342
119341
119340
119339
119338
119337
119336
119335
119334
119333
119332
119331
119330
119329
119316
119311
119304
119295
119291
119287
119257
119220
119214
119212
119211
119210
119209
119208
119207
119206
119205
119204
119203
119202
119201
119200
119199
119198
119197
119196
119195
119194
119193
119192
119191
119190
119189
119188
119187
119186
119185
119182
119181
119180
119179
119178
119177
119176
119175
119174
119173
119172
119171
119170
119169
119168
119167
119166
119165
119154
119153
119152
119151
119150
119149
119148
119147
119146
119145
119144
119143
119142
119141
119140
119139
119138
119137
119136
119135
119134
119133
119132
119131
119130
119129
119128
119127
119126
119125
119124
119123
119122
119121
119120
119119
119118
119117
119116
119115
119114
119112
119111
119110
119109
119108
119106
119105
119103
119101
119099
119098
119097
119095
119094
119092
119088
119087
119086
119085
119084
119083
119082
119081
119080
119079
119078
119077
119076
119075
119074
119073
119072
119071
119070
119069
119068
119067
119066
119065
119064
119063
119062
119061
119060
119059
119058
119057
119056
119055
119054
119053
119052
119051
119050
119049
119048
119047
119046
119045
119044
119043
119042
119041
119040
119039
119038
119037
119036
119035
119034
119033
119032
119031
119030
119029
119028
119027
119026
119025
119024
119023
119022
119021
119020
119019
119018
119017
119016
119015
118997
118996
118995
118994
118993
118992
118991
118990
118989
118988
118987
118986
118984
118983
118982
118981
118979
118978
118977
118976
118975
118974
118973
118972
118971
118970
118966
118965
118964
118962
118961
118960
118957
118956
118955
118954
118953
118952
118951
118950
118949
118948
118947
118946
118945
118944
118943
118942
118941
118940
118939
118938
118937
118936
118935
118934
118933
118932
118931
118930
118929
118928
118927
118926
118925
118924
118923
118922
118921
118920
118919
118918
118917
118916
118915
118914
118913
118912
118911
118910
118909
118908
118898
118897
118896
118895
118894
118893
118892
118891
118890
118889
118887
118886
118885
118884
118883
118881
118880
118879
118878
118877
118876
118874
118872
118871
118869
118868
118865
118864
118863
118862
118861
118860
118859
118857
118856
118855
118854
118853
118852
118851
118850
118849
118848
118847
118846
118845
118843
118842
118841
118840
118839
118838
118837
118834
118833
118832
118831
118830
118829
118828
118827
118825
118823
118822
118820
118818
118816
118812
118810
118808
118802
118800
118798
118791
118784
118782
118780
118777
118776
118774
118770
118764
118760
118758
118752
118750
118746
118744
118742
118740
118738
118736
118732
118728
118727
118724
118716
118710
118707
118702
118701
118691
118688
118684
118669
118665
118663
118657
118654
118651
118646
118642
118634
118630
118626
118620
118612
118610
118608
118605
118600
118597
118592
118588
118585
118583
118578
118576
118574
118568
118566
118563
118562
118560
118556
118532
118529
118526
118519
118517
118515
118513
118508
118507
118502
118499
118494
118491
118485
118483
118479
118477
118476
118473
118471
118469
118463
118460
118458
118455
118453
118451
118448
118446
118444
118440
118437
118432
118429
118413
118404
118403
118397
118395
118393
118389
118387
118382
118370
118362
118357
118353
118335
118334
118332
118330
118323
118319
118317
118315
118312
118307
118300
118298
118297
118291
118289
118288
118286
118285
118283
118282
118279
118277
118276
118275
118274
118273
118272
118271
118270
118269
118268
118267
118266
118264
118263
118262
118261
118260
118259
118258
118257
118256
118255
118254
118253
118252
118251
118250
118249
118248
118247
118246
118245
118244
118243
118242
118241
118240
118239
118238
118237
118236
118235
118234
118233
118232
118231
118230
118229
118228
118227
118226
118225
118224
118223
118222
118221
118220
118219
118218
118217
118216
118215
118214
118213
118212
118211
118210
118209
118208
118207
118206
118205
118204
118203
118202
118201
118200
118199
118198
118197
118196
118195
118194
118193
118192
118191
118190
118189
118188
118187
118186
118185
118184
118183
118182
118181
118180
118179
118178
118177
118176
118175
118174
118173
118172
118171
118170
118169
118168
118167
118165
118164
118162
118160
118158
118156
118153
118151
118150
118149
118148
118147
118146
118145
118143
118142
118141
118140
118139
118138
118137
118136
118135
118134
118133
118132
118131
118130
118129
118117
118116
118114
118113
118112
118111
118110
118109
118108
118107
118106
118105
118104
118103
118102
118101
118100
118099
118098
118097
118096
118095
118094
118093
118092
118091
118090
118089
118088
118087
118086
118085
118084
118083
118082
118081
118080
118079
118078
118077
118076
118072
118071
118070
118069
118068
118067
118066
118065
118064
118063
118062
118061
118060
118059
118058
118057
118056
118055
118054
118052
118051
118050
118049
118048
118047
118046
118045
118044
118043
118042
118041
118040
118039
118038
118037
118036
118035
118034
118033
118032
118031
117871
117870
117869
117868
117867
117866
117865
117864
117863
117862
117861
117860
117859
117858
117857
117856
117855
117854
117853
117852
117851
117850
117849
117848
117847
117846
117845
117844
117843
117842
117841
117840
117839
117838
117837
117836
117835
117834
117833
117832
117831
117830
117829
117828
117827
117826
117825
117824
117823
117822
117821
117820
117819
117818
117815
117814
117813
117812
117811
117810
117809
117808
117807
117806
117805
117804
117803
117802
117801
117800
117799
117798
117797
117796
117795
117794
117793
117792
117791
117790
117789
117788
117787
117786
117785
117784
117781
117780
117779
117778
117777
117776
117775
117774
117773
117772
117771
117770
117769
117768
117767
117766
117765
117764
117763
117616
117615
117614
117613
117612
117611
117610
117609
117608
117607
117606
117600
117599
117594
117592
117589
117585
117584
117583
117582
117581
117580
117579
117578
117577
117576
117575
117574
117573
117572
117571
117570
117569
117568
117567
117566
117565
117564
117563
117562
117561
117560
117559
117557
117556
117520
117233
117232
117231
117230
117229
117228
117227
117226
117225
117224
117223
117222
117221
117220
117219
117218
117217
117216
117215
117214
117213
117212
117211
117210
117209
117208
117207
117206
117205
117204
117203
117202
117201
117200
117199
117198
117197
117196
117195
117194
117193
117192
117191
117190
117189
117188
117187
117186
117185
117184
117183
117182
117181
117180
117179
117178
117177
117176
117175
117174
117173
117172
117171
117170
117169
117168
117167
117166
117165
117164
117163
117162
117161
117160
117159
117158
117157
117156
117155
117154
117153
117152
117151
117150
117149
117148
117147
117146
117145
117144
117143
117142
117141
117140
117139
117138
117137
117136
117135
117134
117133
117132
117131
117130
117129
117128
117127
117126
117125
117124
117123
117122
117121
117120
117119
117118
117117
117116
117115
117114
117113
117112
117111
117110
117109
117108
117107
117106
117105
117104
117103
117102
117101
117100
117099
117098
117097
117096
117095
117094
117093
117092
117091
117090
117089
117088
117087
117086
117085
117084
117083
117082
117081
117080
117079
117078
117077
117076
117075
117074
117073
117072
117071
117070
117069
117068
117067
117066
117065
117064
117063
117062
117061
117060
117059
117058
117057
117056
117055
117054
117053
117052
117051
117050
117049
117048
117047
117046
117045
117044
117043
117042
117041
117040
117039
117038
117037
117036
117035
117034
117033
117032
117031
117030
117029
117028
117027
117026
117025
117024
117023
117022
117021
117020
117019
117018
117017
117016
117015
117014
117013
117012
117011
117010
117009
117008
117007
117006
117005
117004
117003
117002
117001
117000
116999
116998
116997
116996
116995
116994
116993
116992
116991
116990
116989
116988
116987
116986
116985
116984
116983
116982
116981
116980
116979
116978
116977
116976
116975
116974
116973
116972
116971
116970
116969
116968
116967
116966
116965
116964
116963
116962
116961
116960
116959
116958
116957
116956
116955
116954
116953
116952
116951
116950
116949
116948
116947
116946
116945
116944
116943
116942
116941
116940
116939
116938
116937
116936
116935
116934
116933
116932
116931
116930
116929
116928
116927
116926
116925
116924
116923
116922
116921
116920
116919
116918
116917
116916
116915
116914
116913
116912
116911
116910
116909
116908
116907
116906
116905
116904
116903
116902
116901
116900
116899
116898
116897
116896
116895
116894
116893
116892
116891
116890
116889
116888
116887
116886
116885
116884
116883
116882
116881
116880
116879
116878
116877
116876
116875
116874
116873
116872
116871
116870
116869
116868
116867
116866
116865
116864
116863
116862
116861
116860
116859
116858
116857
116856
116855
116854
116853
116852
116851
116850
116849
116848
116847
116846
116845
116844
116843
116842
116841
116840
116839
116838
116837
116836
116835
116834
116833
116832
116828
116827
116826
116825
116824
116823
116822
116821
116820
116814
116813
116811
116810
116809
116808
116807
116805
116803
116801
116800
116798
116797
116796
116795
116794
116793
116792
116791
116790
116788
116787
116786
116785
116784
116783
116782
116780
116776
116775
116774
116773
116772
116771
116770
116768
116767
116766
116764
116763
116762
116761
116760
116759
116756
116755
116754
116753
116752
116751
116750
116749
116748
116747
116746
116745
116744
116743
116742
116741
116740
116739
116738
116737
116736
116735
116734
116733
116732
116731
116728
116727
116726
116725
116724
116723
116722
116721
116720
116719
116718
116717
116716
116715
116714
116713
116699
116698
116697
116696
116695
116692
116691
116690
116689
116688
116687
116686
116685
116684
116681
116680
116679
116678
116677
116676
116675
116674
116673
116672
116671
116670
116669
116668
116667
116666
116665
116664
116663
116644
116643
116642
116641
116640
116639
116638
116637
116636
116631
116630
116629
116628
116627
116626
116625
116624
116623
116622
116621
116620
116619
116618
116617
116616
116615
116614
116613
116612
116611
116610
116609
116608
116607
116606
116605
116604
116603
116602
116601
116600
116599
116598
116597
116596
116595
116594
116593
116592
116591
116590
116589
116588
116587
116586
116585
116584
116583
116582
116581
116580
116579
116578
116577
116576
116575
116574
116573
116572
116571
116570
116569
116568
116567
116566
116565
116564
116562
116561
116560
116559
116558
116557
116556
116555
116554
116553
116552
116551
116550
116549
116548
116547
116546
116545
116544
116543
116542
116541
116540
116539
116538
116537
116536
116535
116534
116533
116532
116531
116530
116529
116528
116527
116336
116333
116319
116135
116134
116133
116132
116131
116130
116129
116128
116127
116126
116125
116124
116123
116122
116121
116120
116119
116118
116117
116116
116115
116114
116113
116112
116111
116110
116109
116108
116107
116106
116105
116104
116103
116102
116101
116100
116099
116098
116097
116096
116095
116094
116093
116092
116091
116090
116089
116088
116087
116086
116085
116084
116083
116082
116081
116080
116079
116078
116077
116076
116075
116074
116073
116072
116071
116070
116069
116068
116067
116066
116065
116064
116063
116062
116061
116060
116059
116058
116057
116056
116055
116054
116053
116052
116051
116050
116049
116048
116047
116046
116045
116044
116043
116042
116041
116040
116039
116038
116037
116036
116035
116034
116033
116032
116031
116030
116029
116028
116027
116026
116025
116024
116023
116022
116021
116020
116019
116018
116017
116016
116015
116014
116013
116012
116011
116010
116009
116008
116007
116006
116005
116004
116003
116002
116001
116000
115999
115998
115997
115996
115995
115994
115993
115992
115991
115990
115989
115988
115918
115917
115916
115915
115914
115913
115912
115911
115910
115909
115908
115907
115906
115905
115904
115903
115902
115901
115900
115899
115898
115897
115896
115895
115894
115893
115892
115891
115890
115889
115888
115887
115886
115885
115884
115883
115882
115881
115880
115879
115878
115877
115876
115875
115874
115873
115872
115871
115870
115869
115868
115867
115866
115865
115864
115863
115862
115861
115860
115859
115858
115857
115856
115855
115854
115853
115852
115851
115850
115849
115848
115847
115846
115845
115843
115839
115838
115837
115714
115713
115712
115711
115710
115709
115708
115707
115706
115705
115704
115703
115702
115701
115700
115699
115698
115697
115696
115695
115694
115693
115692
115691
115690
115689
115688
115687
115686
115685
115684
115683
115682
115681
115680
115679
115678
115677
115676
115675
115674
115673
115672
115671
115670
115669
115668
115667
115666
115665
115664
115663
115662
115661
115660
115659
115658
115657
115656
115655
115654
115653
115652
115651
115650
115649
115648
115647
115646
115645
115644
115643
115642
115641
115640
115639
115638
115637
115636
115635
115634
115633
115632
115631
115630
115629
115628
115627
115626
115625
115624
115623
115622
115621
115620
115619
115618
115617
115616
115615
115614
115613
115612
115611
115610
115609
115608
115607
115606
115605
115604
115603
115602
115601
115600
115599
115598
115597
115596
115595
115594
115593
115592
115569
115567
115565
115564
115563
115562
115561
115558
115557
115556
115555
115554
115553
115552
115551
115550
115549
115548
115547
115546
115545
115544
115543
115542
115541
115540
115539
115538
115537
115536
115535
115534
115533
115532
115531
115530
115529
115528
115527
115526
115525
115524
115523
115522
115521
115520
115519
115518
115517
115516
115515
115514
115513
115511
115510
115509
115508
115507
115506
115505
115504
115503
115502
115501
115500
115499
115498
115497
115496
115495
115494
115493
115492
115491
115490
115489
115488
115487
115485
115484
115482
115479
115478
115477
115476
115475
115474
115473
115472
115471
115470
115469
115468
115467
115466
115465
115464
115463
115462
115461
115460
115444
115413
115412
115411
115410
115409
115408
115405
115402
115401
115400
115399
115398
115397
115396
115395
115394
115393
115392
115391
115390
115389
115388
115387
115386
115385
115384
115383
115382
115381
115380
115379
115378
115377
115376
115375
115374
115373
115372
115371
115370
115369
115368
115367
115366
115365
115364
115363
115362
115361
115360
115359
115358
115357
115356
115355
115353
115352
115351
115350
115349
115348
115347
115346
115345
115344
115343
115342
115341
115340
115339
115338
115337
115336
115335
115334
115333
115332
115331
115330
115329
115328
115327
115326
115325
115324
115323
115322
115321
115320
115319
115318
115317
115316
115315
115314
115313
115312
115311
115310
115306
115305
115304
115303
115302
115301
115300
115299
115298
115297
115296
115295
115294
115293
115292
115290
115289
115288
115287
115286
115285
115284
115283
115282
115281
115279
115277
115276
115274
115273
115272
115271
115270
115269
115268
115267
115266
115265
115264
115263
115252
115251
115250
115249
115248
115247
115245
115244
115243
115242
115241
115240
115239
115238
115237
115236
115235
115234
115233
115231
115230
115229
115228
115227
115226
115225
115224
115223
115222
115221
115220
115219
115218
115217
115216
115215
115214
115213
115212
115211
115210
115209
115208
115207
115206
115205
115204
115203
115202
115201
115200
115198
115196
115195
115194
115193
115192
115191
115190
115189
115188
115187
115186
115185
115184
115183
115182
115181
115180
115179
115178
115177
115176
115175
115174
115173
115172
115171
115170
115169
115168
115163
115162
115161
115160
115159
115158
115157
115156
115155
115154
115153
115152
115151
115150
115149
115148
115147
115146
115145
115144
115143
115142
115141
115140
115139
115138
115137
115136
115135
115134
115133
115132
115131
115130
115129
115128
115127
115126
115125
115124
115123
115122
115120
115119
