52291
52290
52289
52288
52287
52286
52285
52284
52283
52282
52281
52280
52279
52278
52277
52276
52275
52274
52273
52272
52271
52270
52269
52268
52267
52266
52265
52264
52263
52262
52261
52260
52259
52258
52257
52256
52255
52254
52253
52252
52251
52250
52249
52248
52247
52246
52245
52244
52243
52242
52241
52240
52239
52238
52237
52236
52235
52234
52233
52232
52231
52230
52229
52228
52227
52226
52225
52224
52223
52222
52221
52051
52050
52049
52048
52047
52046
52045
52044
52043
52042
52041
52040
52039
52038
52037
52036
52035
52034
52033
52032
52031
52030
52029
52028
52027
52026
52025
52024
52023
52022
52021
52020
52019
52018
52017
52016
52015
52014
52013
52012
52011
52010
52009
52008
52007
52006
52005
52004
52003
52002
52001
52000
51999
51998
51997
51996
51995
51994
51993
51992
51991
51990
51989
51988
51987
51986
51985
51984
51983
51982
51981
51980
51979
51978
51977
51976
51975
51974
51973
51972
51971
51970
51969
51968
51967
51966
51965
51964
51963
51962
51961
51960
51959
51958
51957
51956
51955
51954
51953
51952
51951
51950
51949
51948
51947
51946
51945
51944
51943
51942
51941
51940
51939
51938
51937
51936
51935
51934
51933
51932
51931
51930
51929
51928
51927
51926
51925
51924
51923
51922
51921
51920
51919
51918
51917
51916
51915
51914
51913
51912
51911
51910
51909
51908
51907
51906
51905
51904
51903
51902
51901
51900
51899
51898
51897
51896
51895
51894
51893
51892
51891
51890
51889
51888
51887
51886
51885
51884
51883
51707
51706
51705
51704
51703
51702
51701
51700
51699
51698
51697
51696
51695
51694
51693
51692
51691
51690
51689
51688
51687
51686
51685
51684
51683
51682
51681
51680
51679
51678
51677
51676
51675
51674
51673
51672
51671
51670
51669
51668
51667
51666
51665
51664
51663
51662
51661
51660
51659
51658
51657
51656
51655
51654
51653
51652
51651
51650
51649
51648
51647
51646
51645
51644
51643
51642
51641
51640
51639
51638
51637
51636
51635
51634
51633
51632
51631
51630
51629
51628
51627
51626
51625
51624
51623
51622
51621
51620
51619
51618
51617
51616
51615
51614
51613
51612
51611
51610
51609
51608
51607
51606
51605
51604
51603
51602
51601
51600
51599
51598
51597
51596
51595
51594
51593
51592
51591
51590
51589
51588
51587
51586
51585
51584
51583
51582
51581
51580
51579
51578
51577
51576
51575
51574
51573
51572
51571
51570
51569
51568
51567
51566
51565
51564
51563
51562
51561
51560
51559
51558
51557
51556
51555
51554
51553
51552
51551
51550
51549
51548
51547
51546
51545
51544
51543
51542
51541
51540
51539
51538
51537
51536
51535
51534
51533
50844
50509
50508
50507
50506
50505
50504
50503
50502
50501
50500
50499
50498
50497
50496
50495
50494
50493
50492
50491
50490
50489
50488
50487
50486
50485
50484
50483
50482
50481
50480
50479
50478
50477
50476
50475
50474
50473
50472
50471
50470
50469
50468
50467
50466
50465
50464
50463
50462
50461
50460
50459
50458
50457
50456
50455
50454
50453
50452
50451
50450
50449
50448
50447
50446
50445
50444
50443
50442
50441
50440
50439
50438
50437
50436
50435
50434
50433
50432
50431
50430
50429
50428
50427
50426
50425
50424
50423
50422
50421
50420
50419
50418
50417
50416
50415
50414
50413
50412
50411
50410
50409
50408
50407
50406
50405
50404
50403
50402
50401
50400
50399
50398
50397
50396
50395
50394
50393
50392
50391
50390
50389
50388
50387
50386
50385
50384
50383
50382
50381
50380
50379
50378
50377
50376
50375
50374
50373
50372
50371
50370
50369
50368
50367
50366
50365
50364
50363
50362
50361
50360
50359
50358
50357
50356
50355
50354
50353
50352
50351
50350
50349
50348
50347
50346
50345
50344
50343
50342
50341
50340
50339
50338
50337
50336
50335
50334
50333
50332
50331
50330
50329
50328
50327
50326
50325
50324
50323
50322
50321
50320
50319
50318
50317
50316
50315
50314
50313
50312
50311
50310
50309
50308
50307
50306
50305
50304
50303
50302
50301
50300
50299
50298
50297
50296
50295
50294
50293
50292
50291
50290
50289
50288
50287
50286
50285
50284
50283
50282
50281
50280
50279
50278
50277
50276
50275
50274
50273
50272
50271
50270
50269
50268
50267
50266
50265
50264
50263
50262
50261
50260
50259
50258
50257
50256
50255
50254
50253
50252
50251
50250
50249
50248
50247
50246
50245
50244
50243
50242
50241
50240
50239
50238
50237
50236
50235
50234
50233
50232
50231
50230
50229
50228
50227
50226
50225
50224
50223
50222
50221
50220
50219
50218
50217
50216
50215
50214
50213
50212
50211
50210
50209
50208
50207
50206
50205
50204
50203
50202
50201
50200
50199
50198
50197
50196
50195
50194
50193
50192
50191
50190
50189
50188
50187
50186
50185
50184
50183
50182
50181
50180
50179
50178
50177
49199
49198
49197
49196
49195
49194
49193
49192
49191
49190
49189
49188
49187
49186
49185
49184
49183
49182
49181
49180
49179
49178
49177
49176
49175
49174
49173
49172
49171
49170
49169
49168
49167
49166
49165
49164
49163
49162
49161
49160
49159
49158
49157
49156
49155
49154
49153
49152
49151
49150
49149
49148
49147
49146
49145
49144
49143
49142
49141
49140
49139
49138
49137
49136
49135
49134
49133
49132
49131
49130
49129
49128
49127
49126
49125
49124
49123
49122
49121
49120
49119
49118
49117
49116
49115
49114
49113
49112
49111
49110
49109
49108
49107
49106
49105
49104
49103
49102
49101
49100
49099
49098
49097
49096
49095
49094
49093
49092
49091
49090
49089
49088
49087
49086
49085
49084
49083
49082
49081
49080
49079
49078
49077
49076
49075
49074
49073
49072
49071
49070
49069
49068
49067
49066
49065
49064
49063
49062
49061
49060
49059
49058
49057
49056
49055
49054
49053
49052
49051
49050
49049
49048
49047
49046
49045
49044
49043
49042
49041
49040
49039
49038
49037
49036
49035
49034
49033
49032
49031
49030
49029
49028
49027
49026
49025
49024
49023
49022
49021
49020
49019
49018
49017
49016
49015
49014
49013
49012
49011
49010
49009
49008
49007
49006
49005
49004
49003
49002
49001
49000
48999
48998
48997
48996
48995
48994
48993
48992
48991
48990
48989
48988
48987
48986
48985
48984
48983
48982
48981
48980
48979
48978
48977
48976
48975
48974
48973
48972
48971
48970
48969
48968
48967
48966
48965
48964
48963
48962
48961
48960
48959
48958
48957
48956
48955
48954
48953
48952
48951
48950
48949
48948
48947
48946
48945
48944
48943
48942
48941
48940
48939
48938
48937
48936
48935
48934
48933
48932
48931
48930
48929
48928
48927
48926
48925
48924
48923
48922
48921
48920
48919
48918
48917
48916
48915
48914
48913
48912
48911
48910
48909
48908
48907
48906
48905
48904
48903
48902
48901
48900
48899
48898
48897
48896
48895
48894
48893
48892
48891
48890
48889
48888
48887
48885
48578
48577
48576
48575
48574
48573
48572
48571
48570
48569
48568
48567
48566
48565
48564
48563
48562
48561
48560
48559
48558
48557
48556
48555
48554
48553
48552
48551
48550
48549
48548
48547
48546
48545
48544
48543
48542
48541
48540
48539
48538
48537
48536
48535
48534
48533
48532
48531
48530
48529
48528
48527
48526
48525
48524
48523
48522
48521
48520
48519
48518
48517
48516
48515
48514
48513
48512
48511
48510
48509
48508
48507
48506
48505
48504
48503
48502
48501
48500
48499
48498
48497
48496
48495
48494
48493
48492
48491
48490
48489
48488
48487
48486
48485
48484
48483
48482
48481
48480
48479
48478
48477
48476
48475
48474
48473
48472
48471
48470
48469
48468
48467
48466
48465
48464
48463
48462
48461
48460
48459
48458
48457
48456
48455
48454
48453
48452
48451
48450
48449
48448
48447
48446
48445
48444
48443
48442
48441
48440
48439
48438
48437
48436
48435
48434
48433
48432
48431
48430
48429
48428
48427
48426
48425
48424
48423
48422
48421
48420
48419
48418
48417
48416
48415
48414
48413
48412
48411
48410
48409
48408
48407
48406
48405
48404
48403
48402
48401
48400
48399
48398
48397
48396
48395
48394
48393
48392
48391
48390
48389
48388
48387
48386
48385
48384
48383
48382
48381
48380
48379
48378
48377
48376
48375
48374
48373
48372
48371
48370
48369
48368
48367
48366
48365
48364
48363
48362
48361
48360
48359
48358
48357
48356
48355
48354
48353
48352
48351
48350
48349
48348
48347
48346
48345
48344
48343
48342
48341
48340
48339
48338
48337
48336
48335
48334
48333
48332
48331
48330
48329
48328
48327
48326
48325
48324
48323
48322
48321
48320
48319
48318
48317
48316
48315
48314
48313
48312
48311
48310
48309
48308
48307
48306
48305
48304
48303
48302
48301
48300
48299
48298
48297
48296
48295
48294
48293
48292
48291
48290
48289
48288
48287
48286
48285
48284
48283
48282
48281
48280
48279
48278
48277
48276
48275
48274
48273
48240
48239
48238
48237
48236
48235
48234
48233
48232
48231
48230
48229
48228
48227
48226
48225
48224
48223
48222
48221
48220
48219
48218
48217
48216
48215
48214
48213
48212
48211
48210
48209
47902
47901
47900
47899
47898
47897
47896
47895
47894
47893
47892
47891
47890
47889
47888
47887
47886
47885
47884
47883
47882
47881
47880
47879
47878
47877
47876
47875
47874
47873
47872
47871
47870
47869
47868
47867
47866
47865
47864
47863
47862
47861
47860
47859
47858
47857
47856
47855
47854
47853
47852
47851
47850
47849
47848
47847
47846
47845
47844
47843
47842
47841
47840
47839
47838
47837
47836
47835
47834
47833
47832
47831
47830
47829
47828
47827
47826
47825
47824
47823
47822
47821
47820
47819
47818
47817
47816
47815
47814
47813
47812
47811
47810
47809
47808
47807
47806
47805
47804
47803
47802
47801
47800
47799
47798
47797
47796
47795
47794
47793
47792
47791
47790
47789
47788
47787
47786
47785
47784
47783
47782
47781
47780
47779
47778
47777
47776
47775
47774
47773
47772
47771
47770
47769
47768
47767
47766
47765
47764
47763
47762
47761
47760
47759
47758
47757
47756
47755
47754
47753
47752
47751
47750
47749
47748
47747
47746
47745
47744
47743
47742
47741
47740
47739
47738
47737
47736
47735
47734
47733
47732
47731
47730
47729
47728
47727
47726
47725
47724
47723
47722
47721
47720
47719
47718
47717
47716
47715
47714
47713
47712
47711
47710
47709
47708
47707
47706
47705
47704
47703
47702
47701
47700
47699
47698
47697
47696
47695
47694
47693
47692
47691
47690
47689
47688
47687
47686
47685
47684
47683
47682
47681
47680
47679
47678
47677
47676
47675
47674
47673
47672
47671
47670
47669
47668
47667
47666
47665
47664
47663
47662
47661
47660
47659
47658
47657
47656
47655
47654
47653
47652
47651
47650
47649
47648
47647
47646
47645
47643
47641
47640
47639
47638
47637
47636
47635
47634
47633
47632
47630
47629
47628
47627
47626
47625
47624
47623
47622
47621
47620
47619
47618
47617
47616
47615
47614
47613
47612
47611
47610
47609
47608
47607
47606
47605
47604
47603
47602
47601
47600
47599
47598
47597
47291
47290
47289
47288
47287
47286
47285
47284
47283
47282
47281
47280
47279
47278
47277
47276
47275
47274
47273
47272
47271
47270
47269
47268
47267
47266
47265
47264
47263
47262
47261
47260
47259
47258
47257
47256
47255
47254
47253
47252
47251
47250
47249
47248
47247
47246
47245
47243
47242
47241
47240
47239
47238
47237
47236
47235
47234
47233
47232
47231
47230
47229
47228
47227
47226
47225
47224
47223
47222
47221
47220
47219
47218
47217
47216
47215
47214
47213
47212
47211
47210
47209
47208
47207
47206
47205
47204
47203
47202
47201
47200
47199
47198
47197
47196
47195
47194
47193
47192
47191
47190
47189
47188
47187
47186
47185
47184
47183
47182
47181
47180
47179
47178
47177
47176
47175
47174
47173
47172
47171
47170
47168
47167
47166
47165
47164
47163
47162
47161
47160
47159
47158
47157
47156
47155
47154
47153
47152
47151
47150
47149
47148
47147
47146
47145
47144
47143
47142
47141
47140
47139
47138
47137
47136
47135
47134
47133
47132
47131
47130
47129
47128
47127
47126
47125
47124
47123
47122
47121
47120
47119
47118
47117
47116
47115
47114
47113
47112
47111
47110
47109
47108
47107
47106
47105
47104
47103
47102
47101
47100
47099
47098
47097
47096
47095
47094
47093
47092
47091
47090
47089
47088
47087
47086
47085
47084
47083
47082
47081
47080
47079
47078
47077
47076
47075
47074
47073
47072
47071
47070
47069
47068
47067
47066
47065
47064
47063
47062
47061
47060
47059
47058
47057
47056
47055
47054
47053
47052
47051
47050
47049
47048
47047
47046
47045
47044
47043
47042
47041
47040
47039
47038
47037
47036
47035
47034
47033
47032
47031
47030
47029
47028
47027
47026
47025
47024
47023
47022
47021
47020
47019
47018
47017
47016
47015
47014
47013
47012
47011
47010
47009
47008
47007
47006
47005
47004
47003
47002
47001
47000
46999
46998
46997
46996
46995
46994
46993
46992
46991
46990
46989
46988
46987
46683
46682
46681
46680
46679
46678
46677
46676
46675
46674
46673
46672
46671
46670
46669
46668
46667
46666
46665
46664
46663
46662
46661
46660
46659
46658
46657
46656
46655
46654
46653
46652
46651
46650
46649
46648
46647
46646
46645
46644
46643
46642
46641
46640
46639
46638
46637
46636
46635
46634
46633
46632
46631
46630
46629
46628
46627
46626
46625
46624
46623
46622
46621
46620
46619
46618
46617
46616
46615
46614
46613
46612
46611
46610
46609
46608
46607
46606
46605
46604
46603
46602
46601
46600
46599
46598
46597
46596
46595
46594
46593
46592
46591
46590
46589
46588
46587
46586
46585
46584
46583
46582
46581
46580
46579
46578
46577
46576
46575
46574
46573
46572
46571
46570
46569
46568
46567
46566
46565
46564
46563
46562
46561
46560
46559
46558
46557
46556
46555
46554
46553
46552
46551
46550
46549
46548
46547
46546
46545
46544
46543
46542
46541
46540
46539
46538
46537
46536
46535
46534
46533
46532
46531
46530
46529
46528
46527
46526
46525
46524
46523
46522
46521
46520
46519
46518
46517
46516
46515
46514
46513
46512
46511
46510
46509
46508
46507
46506
46505
46504
46503
46502
46501
46500
46499
46498
46497
46496
46495
46494
46493
46492
46491
46490
46489
46488
46487
46486
46485
46484
46483
46482
46481
46480
46479
46478
46477
46476
46475
46474
46473
46472
46471
46470
46469
46468
46467
46466
46465
46464
46463
46462
46461
46460
46459
46458
46457
46456
46455
46454
46453
46452
46451
46450
46449
46448
46447
46446
46445
46444
46443
46442
46441
46440
46439
46438
46437
46436
46435
46434
46433
46432
46431
46430
46429
46428
46427
46426
46425
46424
46423
46422
46421
46420
46419
46418
46417
46416
46415
46414
46413
46412
46411
46410
46409
46408
46407
46406
46405
46404
46403
46402
46401
46400
46399
46398
46397
46396
46395
46394
46393
46392
46391
46390
46389
46388
46387
46386
46385
46384
46383
46382
46381
46100
46099
46098
46097
46096
46095
46094
46093
46092
46091
46090
46089
46088
46087
46086
46085
46084
46083
46082
46081
46080
46079
46078
46077
46076
46075
46074
46073
46072
46071
46070
46069
46068
46067
46066
46065
46064
46063
46062
46061
46060
46059
46058
46057
46056
46055
46054
46053
46052
46051
46050
46049
46048
46047
46046
46045
46044
46043
46042
46041
46040
46039
46038
46037
46036
46034
46033
46032
46031
46030
46029
46028
46027
46026
46025
46024
46023
46022
46021
46020
46019
46018
46017
46016
46015
46014
46013
46012
46011
46010
46009
46008
46007
46006
46005
46004
46003
46002
46001
46000
45999
45998
45997
45996
45995
45994
45993
45992
45991
45990
45989
45988
45987
45986
45985
45984
45983
45982
45981
45980
45979
45978
45977
45976
45975
45974
45973
45972
45971
45970
45969
45968
45967
45966
45965
45964
45963
45962
45961
45960
45959
45958
45957
45956
45955
45954
45953
45952
45951
45950
45949
45948
45947
45946
45945
45944
45943
45942
45941
45940
45939
45938
45937
45936
45935
45934
45933
45932
45931
45930
45929
45928
45927
45926
45925
45924
45923
45922
45921
45920
45919
45918
45917
45916
45915
45914
45913
45912
45911
45910
45909
45908
45907
45906
45905
45904
45903
45902
45901
45900
45899
45898
45897
45896
45895
45894
45893
45892
45891
45890
45889
45888
45887
45886
45885
45884
45883
45882
45881
45880
45879
45878
45877
45876
45875
45874
45873
45872
45871
45870
45869
45868
45867
45866
45865
45864
45863
45862
45861
45860
45859
45858
45857
45856
45855
45854
45853
45852
45851
45850
45849
45848
45847
45846
45845
45844
45843
45842
45841
45840
45839
45838
45837
45836
45835
45834
45833
45832
45831
45830
45829
45828
45827
45826
45825
45824
45823
45822
45821
44139
43938
43937
43936
43935
43934
43933
43932
43931
43930
43929
43928
43927
43926
43925
43924
43923
43922
43921
43920
43919
43918
43917
43916
43915
43914
43913
43912
43911
43910
43909
43908
43907
43906
43905
43904
43903
43902
43901
43900
43899
43898
43897
43896
43895
43894
43893
43892
43891
43890
43889
43888
43887
43886
43885
43884
43883
43882
43881
43880
43879
43878
43877
43876
43875
43874
43873
43872
43871
43870
43869
43868
43867
43866
43865
43864
43863
43862
43861
43860
43859
43858
43857
43856
43855
43854
43853
43852
43851
43850
43849
43848
43847
43846
43845
43844
43843
43842
43841
43840
43839
43838
43837
43836
43835
43834
43833
43832
43831
43830
43829
43828
43827
43826
43825
43824
43823
43822
43821
43819
43818
43817
43816
43815
43814
43813
43812
43811
43810
43809
43808
43807
43806
43805
43804
43803
43802
43801
43800
43799
43798
43797
43796
43795
43794
43793
43792
43791
43790
43788
43787
43786
43782
43781
43780
43779
43778
43777
43776
43775
43774
43773
43772
43771
43770
43769
43768
43767
43766
43765
43764
43762
43761
43760
43759
43758
43757
43756
43755
43754
43753
43752
43751
43750
43749
43748
43747
43746
43745
43685
43684
43683
43682
43681
43680
43679
43678
43677
43676
43675
43674
43673
43672
43671
43670
43669
43668
43667
43666
43665
43664
43663
43662
43661
43660
43659
43658
43657
43656
43655
43654
43653
43652
43651
43650
43649
43648
43647
43646
43645
43644
43643
43642
43641
43640
43639
43638
43637
43636
43635
43634
43633
43632
43631
43630
43614
43613
43612
43611
43610
43609
43608
43607
43606
43605
43604
43603
43602
43601
43600
43598
43594
43593
43592
43587
43586
43585
43584
43580
43578
43575
43574
43569
43568
43567
43566
43558
43557
43556
43555
43554
43553
43552
43510
43502
43498
43493
43463
43459
42331
42330
42327
42326
42323
42321
42319
42301
42297
42288
42279
42121
42120
42119
42118
42117
42116
42115
42114
42113
42112
42111
42110
42109
42108
42107
42106
42105
42104
42103
42102
42101
42100
42099
42098
42097
42096
42095
42094
42093
42092
42091
42090
42089
42088
42087
42086
42085
42084
42083
42082
42081
42080
42079
42078
42077
42076
42075
42074
42073
42072
42071
42070
42069
42068
42067
42066
42065
42064
42063
42062
42061
42060
42059
42058
42057
42056
42055
42054
42053
42052
42051
42050
42049
42048
42047
42046
42045
42044
42043
42042
42041
42040
42039
42038
42037
42036
42035
42034
42033
42032
42031
42030
42029
42028
42027
42026
42025
42024
42023
42022
42021
42020
42019
42018
42017
42016
42015
42014
42013
42012
42011
