101867
101866
101865
101864
101863
101862
101861
101860
101859
101858
101857
101856
101855
101854
101853
101852
101851
101850
101849
101848
101847
101846
101845
101844
101843
101842
101841
101840
101839
101838
101837
101836
101835
101834
101833
101832
101831
101830
101829
101828
101827
101826
101825
101824
101823
101822
101821
101820
101819
101818
101817
101816
101815
101814
101813
101812
101811
101810
101809
101808
101807
101806
101805
101804
101803
101802
101801
101800
101799
101798
101797
101796
101795
101742
101741
101740
101739
101738
101737
101736
101735
101734
101733
101732
101731
101730
101729
101728
101727
101726
101725
101724
101723
101722
101721
101720
101719
101718
101717
101716
101715
101714
101713
101712
101711
101710
101709
101708
101707
101706
101705
101704
101703
101702
101701
101700
101699
101698
101697
101696
101695
101694
101693
101692
101691
101666
101665
101664
101663
101662
101661
101660
101659
101658
101657
101656
101655
101654
101653
101652
101651
101650
101649
101648
101647
101646
101645
101644
101643
101630
101629
101628
101627
101626
101625
101624
101623
101622
101621
101620
101619
101605
101604
101603
101602
101601
101600
101599
101598
101597
101596
101595
101594
101593
101175
101174
101173
101172
101171
101170
101169
101168
101167
101166
101165
101164
101163
101162
101161
101160
101159
101158
101157
101156
101155
101154
101153
101152
101151
101150
101149
101148
101147
101146
101145
101144
101143
101142
101141
101140
101139
101138
101137
101136
101135
101134
101133
101132
101131
101130
101129
101128
101127
101126
101125
101124
101123
101122
101121
101120
101119
101118
101117
101116
101115
101114
101113
101112
100794
100793
100792
100791
100790
100789
100788
100787
100786
100785
100784
100783
100782
100781
100780
100779
100778
100777
100776
100775
100774
100773
100772
100771
100770
100769
100768
100767
100766
100765
100764
100763
100762
100761
100760
100759
100758
100757
100756
100755
100754
100753
100752
100751
100750
100749
100748
100747
100746
100745
100744
100743
100742
100741
100740
100739
100738
100737
100736
100735
100734
100670
100669
100668
100667
100666
100665
100664
100663
100662
100661
100660
100659
100658
100657
100656
100655
100654
100653
100652
100651
100650
100649
100648
100647
100646
100645
100644
100643
100642
100641
100640
100639
100638
100637
100636
100635
100634
100633
100632
100631
100630
100629
100628
100627
100626
100625
100624
100623
100622
100621
100620
100619
100618
100617
100616
100615
100614
100613
100612
100611
100610
100609
100608
100371
100370
100369
100368
100367
100366
100365
100364
100363
100362
100361
100360
100359
100358
100357
100356
100355
100354
100353
100352
100351
100350
100349
100348
100347
100346
100345
100344
100343
100342
100341
100340
100339
100338
100337
100336
100335
100334
100333
100332
100331
100330
100329
100328
100327
100326
100325
100324
100323
100322
100321
100320
100319
100318
100317
100316
100315
100314
100313
100312
100311
100310
100309
100308
100307
100306
100252
100251
100250
100249
100248
100247
100246
100245
100244
100243
100242
100241
100240
100239
100238
100237
100236
100235
100234
100233
100232
100231
100230
100229
100228
100227
100226
100225
100224
100223
100222
100221
100220
100219
100218
100217
100216
100215
100214
100213
100212
100211
100210
100209
100208
100207
100206
100205
100204
100203
100202
100201
100200
100198
100197
100196
100195
100177
100123
100087
