35917
35916
35915
35914
35913
35912
35911
35910
35909
35908
35907
35906
35905
35904
35903
35902
35901
35900
35899
35898
35897
35896
35895
35894
35893
35892
35891
35890
35889
35888
35887
35886
35885
35884
35883
35882
35881
35880
35879
35878
35877
35876
35875
35874
35873
35872
35871
35870
35869
35868
35867
35866
35865
35864
35863
35862
35861
35860
35859
35858
35857
35856
35855
35854
35853
35852
35851
35850
35849
35848
35847
35846
35845
35844
35843
35842
35841
35840
35839
35838
35724
35723
35722
35721
35720
35719
35718
35717
35716
35715
35714
35713
35712
35711
35710
35709
35708
35707
35706
35705
35704
35703
35702
35701
35700
35699
35698
35697
35696
35695
35694
35693
35692
35691
35690
35689
35688
35687
35686
35685
35684
35683
35682
35681
35680
35679
35678
35677
35676
35675
35674
35673
35672
35671
35670
35669
35668
35667
35666
35665
35664
35663
35662
35661
35660
35659
35658
35657
35656
35655
35654
35653
35652
35651
35650
35649
35648
35647
35646
35645
35644
35643
35642
35641
35640
35639
35638
35637
35636
35635
35634
35633
35632
35631
35630
35629
35628
35627
35626
35625
35624
35623
35622
35621
35620
35619
35618
35617
35616
35615
35614
35613
35612
35611
35610
35609
35608
35607
35606
35576
35575
35574
35573
35572
35571
35570
35569
35568
35567
35566
35565
35564
35563
35562
35561
35560
35559
35558
35557
35556
35555
35554
35553
35552
35551
35550
35549
35548
35547
35546
35507
35506
35505
35504
35503
35502
35501
35500
35499
35498
35497
35496
35495
35494
35493
35492
35491
35490
35489
35488
35487
35486
35485
35484
35483
35482
35481
35480
35479
35478
35477
35476
35475
35474
35473
35472
35471
35470
35469
35468
35467
35466
35465
35463
35434
35433
35432
35431
35430
35429
35428
35427
35426
35425
35424
35423
35422
35421
35420
35419
35418
35417
35416
35415
35414
35413
35412
35411
35410
35409
35408
35407
35404
35403
35401
35397
35396
35395
35394
35380
35379
35378
35377
35376
35375
35374
35373
35372
35371
35370
35369
35368
35367
35366
35365
35364
35363
35362
35361
35360
35359
35337
35336
35335
35334
35333
35332
35331
35330
35329
35328
35327
35326
35325
35324
35323
35322
35321
35320
35319
35318
35317
35316
35314
35313
35312
35311
35310
35309
35308
35307
35306
35305
35304
35303
35302
35301
35300
35299
35298
35297
35296
35234
35233
35232
35231
35229
35228
35227
35226
35225
35224
35223
35222
35221
35220
35219
35218
35217
35216
35215
35214
35213
35212
35211
35210
35209
35208
35207
35206
35205
35204
35203
35202
35201
35200
35199
35198
35197
35055
35054
35053
35052
35051
35050
35049
35048
35047
35046
35045
35044
35043
35042
35041
35040
35039
35038
35037
35036
35035
35034
35033
35032
35031
35030
35029
35028
35027
35026
35025
35024
35023
35022
35021
35020
35019
35018
35017
35016
35015
35014
35013
35012
35011
35010
35009
35008
35007
35006
35005
35004
35003
35002
35001
35000
34999
34998
34997
34996
34995
34994
34993
34992
34991
34990
34989
34988
34987
34986
34985
34984
34983
34982
34981
34980
34979
34978
34977
34976
34975
34974
34973
34972
34971
34970
34969
34968
34967
34966
34965
34964
34963
34962
34961
34960
34959
34958
34957
34956
34955
34954
34953
34952
34951
34950
34949
34948
34947
34946
34945
34944
34943
34942
34941
34940
34939
34938
34937
34936
34935
34934
34933
34932
34931
34930
34929
34928
34927
34926
34925
34924
34923
34922
34921
34920
34919
34918
34917
34916
34915
34914
34913
34912
34911
34910
34909
34908
34907
34906
34905
34904
34773
34772
34771
34770
34769
34768
34767
34766
34765
34764
34763
34762
34761
34760
34759
34758
34757
34756
34755
34754
34753
34752
34751
34750
34749
34748
34747
34746
34745
34744
34743
34742
34741
34740
34739
34738
34737
34736
34735
34734
34733
34732
34731
34730
34729
34728
34727
34726
34725
34724
34723
34722
34721
34720
34719
34718
34717
34716
34715
34714
34713
34712
34711
34710
34709
34708
34707
34706
34705
34704
34703
34702
34701
34700
34699
34698
34697
34696
34695
34694
34693
34692
34691
34690
34689
34688
34687
34686
34685
34684
34683
34682
34681
34680
34679
34678
34677
34676
34675
34674
34673
34672
34671
34670
34669
34668
34667
34666
34665
34664
34663
34662
34661
34660
34659
34658
34657
34656
34655
34654
34653
34652
34651
34650
34649
34648
34647
34646
34645
34644
34643
34642
34641
34640
34639
34638
34637
34636
34635
34634
34633
34535
34534
34533
34532
34531
34530
34529
34528
34527
34526
34525
34524
34523
34522
34521
34520
34519
34518
34517
34516
34515
34514
34513
34512
34511
34510
34509
34508
34507
34506
34505
34504
34503
34502
34501
34500
34499
34498
34497
34496
34495
34494
34493
34492
34491
34490
34489
34488
34487
34486
34485
34484
34483
34482
34481
34480
34479
34478
34477
34476
34475
34474
34473
34472
34471
34470
34469
34468
34467
34466
34465
34464
34463
34462
34461
34460
34459
34458
34457
34456
34455
34454
34453
34452
34451
34450
34449
34448
34447
34446
34445
34444
34443
34442
34441
34440
34439
34438
34437
34436
34435
34434
34433
34432
34018
34017
34016
34015
34014
34013
34012
34011
34010
34009
34008
34007
34006
34005
34004
34003
34002
34001
34000
33999
33998
33997
33996
33995
33994
33993
33992
33991
33990
33989
33988
33987
33986
33985
33984
33983
33982
33981
33980
33979
33978
33977
33976
33975
33974
33973
33972
33971
33970
33969
33968
33967
33966
33965
33964
33963
33962
33961
33960
33959
33958
33957
33956
33955
33954
33953
33952
33951
33950
33949
33948
33947
33946
33945
33944
33943
33942
33941
33940
33939
33938
33937
33936
33935
33934
33933
33932
33931
33930
33929
33928
33927
33926
33925
33924
33923
33922
33921
33920
33919
33918
33917
33916
33915
33914
33913
33912
33911
33910
33909
33908
33907
33906
33905
33904
33903
33902
33901
33900
33899
33898
33897
33896
33895
33894
33893
33892
33891
33890
33889
33888
33887
33886
33885
33884
33883
33882
33881
33880
33879
33878
33877
33876
33875
33874
33873
33872
33871
33870
33869
33868
33867
33866
33865
33864
33863
33862
33861
33860
33859
33858
33857
33856
33855
33854
33853
33852
33851
33850
33849
33848
33847
33846
33845
33844
33843
33842
33841
33840
33839
33838
33837
33836
33835
33834
33833
33832
33831
33830
33829
33828
33827
33826
33825
33824
33823
33822
33821
33820
33819
33818
33817
33816
33815
33814
33813
33812
33811
33810
33809
33808
33807
33806
33805
33804
33803
33802
33801
33800
33799
33798
33797
33796
33795
33794
33793
33792
33791
33790
33789
33788
33787
33786
33785
33784
33783
33782
33781
33780
33779
33778
33777
33776
33775
33774
33773
33772
33771
33770
33769
33768
33767
33766
33765
33764
33763
33762
33761
33760
33759
33758
33757
33756
33755
33754
33753
33752
33751
33750
33749
33748
33747
33746
33745
33744
33743
33742
33741
33740
33739
33738
33737
33736
33735
33734
33733
33732
33731
33730
33729
33728
33727
33726
33725
33724
33723
33722
33721
33479
33478
33477
33476
33475
33474
33473
33472
33471
33470
33469
33468
33467
33466
33465
33464
33463
33462
33461
33460
33459
33458
33457
33456
33455
33454
33453
33452
33451
33450
33449
33448
33447
33446
33445
33444
33443
33442
33441
33440
33439
33438
33437
33436
33435
33434
33433
33432
33431
33430
33429
33428
33427
33426
33425
33424
33423
33422
33421
33420
33419
33418
33417
33416
33415
33414
33413
33412
33411
33410
33409
33408
33407
33406
33405
33404
33403
33402
33401
33400
33399
33398
33397
33396
33395
33394
33393
33392
33391
33390
33389
33388
33387
33386
33385
33384
33383
33382
33381
33380
33379
33378
33377
33376
33375
33374
33373
33372
33371
33370
33369
33368
33367
33366
33365
33364
33363
33362
33361
33360
33359
33358
33357
33356
33355
33354
33353
33352
33351
33350
33349
33348
33347
33346
33345
33344
33343
33342
33341
33340
33339
33338
33337
33336
33335
33334
33333
33332
33331
33330
33329
33328
33327
33326
33325
33324
33323
33322
33321
33320
33319
33318
33317
33316
33315
33314
33313
33312
33311
33310
33309
33308
33307
33306
33305
33304
33303
33302
33301
33300
33299
33298
33297
33296
33295
33294
33293
33292
33291
33290
33289
33288
33287
33286
33285
33284
33283
33282
33281
33280
33279
33278
33277
33276
33275
33274
33273
33272
33271
33270
33269
33268
33267
33266
33265
33264
33263
33262
33261
33260
33074
33073
33072
33071
33070
33069
33068
33067
33066
33065
33064
33063
33062
33061
33060
33059
33058
33057
33056
33055
33054
33053
33052
33051
33050
33049
33048
33047
33046
33045
33044
33043
33042
33041
33040
33039
33038
33037
33036
33035
33034
33033
33032
33031
33030
33029
33028
33027
33026
33025
33024
33023
33022
33021
33020
33019
33018
33017
33016
33015
33014
33013
33012
33011
33010
33009
33008
33007
33006
33005
33004
33003
33002
33001
33000
32999
32998
32997
32996
32995
32994
32993
32992
32991
32990
32989
32988
32987
32986
32985
32984
32983
32982
32981
32980
32979
32978
32977
32976
32975
32974
32973
32972
32971
32970
32969
32968
32967
32966
32965
32964
32963
32962
32961
32960
32959
32958
32957
32956
32955
32954
32953
32952
32951
32950
32949
32948
32947
32946
32944
32943
32942
32941
32940
32939
32938
32937
32936
32935
32934
32933
32932
32931
32930
32929
32928
32927
32926
32925
32924
32923
32922
32921
32920
32919
32918
32917
32916
32915
32914
32913
32912
32911
32910
32909
32908
32907
32906
32905
32904
32903
32902
32901
32900
32899
32898
32897
32896
32895
32894
32893
32836
32835
32834
32833
32832
32831
32830
32829
32828
32827
32826
32825
32824
32823
32822
32821
32820
32819
32818
32817
32816
32815
32814
32813
32812
32811
32810
32809
32808
32807
32806
32805
32804
32803
32802
32801
32800
32799
32798
32797
32796
32795
32794
32793
32792
32791
32790
32765
32764
32763
32762
32761
32760
32759
32758
32757
32756
32755
32754
32753
32752
32751
32750
32749
32748
32747
32746
32745
32744
32743
32742
32739
32738
32736
32616
32615
32614
32613
32612
32611
32610
32609
32608
32607
32606
32605
32604
32603
32602
32601
32600
32599
32598
32597
32595
32594
32593
32592
32591
32590
32589
32588
32587
32586
32585
32584
32583
32582
32581
32580
32579
32578
32577
32576
32575
32574
32573
32572
32571
32570
32569
32568
32567
32566
32565
32564
32563
32562
32561
32560
32559
32558
32557
32556
32555
32554
32553
32552
32551
32550
32549
32548
32547
32546
32545
32544
32543
32542
32541
32540
32539
32538
32537
32536
32535
32534
32533
32532
32531
32530
32529
32528
32527
32526
32525
32524
32523
32522
32521
32520
32519
32518
32517
32516
32515
32514
32513
32512
32511
32510
32509
32508
32507
32506
32505
32504
32503
32502
32501
32500
32499
32498
32497
32496
32421
32420
32419
32418
32417
32416
32415
32414
32413
32412
32411
32410
32409
32408
32407
32406
32405
32404
32403
32402
32401
32400
32399
32398
32397
32396
32395
32394
32393
32392
32391
32390
32389
32388
32387
32386
32385
32384
32383
32382
32381
32380
32379
32378
32377
32376
32375
32374
32373
32372
32371
32370
32369
32368
32367
32366
32365
32364
32363
32362
32361
32360
32359
32358
32357
32356
32355
32354
32353
32352
32351
32350
32349
32348
32347
32296
32295
32294
32293
32292
32291
32290
32289
32288
32287
32286
32285
32284
32283
32282
32281
32280
32279
32278
32277
32276
32275
32274
32273
32272
32271
32270
32269
32268
32267
32266
32265
32264
32263
32262
32261
32260
32259
32258
32257
32256
32255
32254
32253
32252
32251
32250
32249
32248
32247
32195
32194
32027
31571
31570
31569
31568
31567
31566
31565
31564
31563
31562
31561
31560
31559
31558
31557
31556
31555
31554
31553
31552
31551
31550
31549
31548
31547
31546
31545
31544
31543
31542
31541
31540
31539
31538
31537
31536
31535
31534
31533
31532
31531
31530
31529
31528
31527
31526
31525
31524
31523
31283
31282
31281
31280
31279
31278
31277
31276
31275
31274
31273
31272
31271
31270
31269
31268
31267
31266
31265
31264
31263
31262
31261
31260
31259
31258
31257
31256
31255
31254
31253
31252
31251
31250
31249
31248
31247
31246
31245
31244
31243
31242
31241
31240
31239
31238
31237
31236
31235
31234
31233
31232
31231
31230
31229
31228
31227
31226
31225
31224
31223
31222
31221
31220
31219
31218
31217
31216
31215
31214
31213
31212
31211
31210
31209
31208
31207
31206
31205
31204
31203
31202
31201
31200
31199
31198
31197
31196
31195
31194
31193
31192
31191
31190
31189
31188
31187
31186
31185
31184
31183
31182
31181
31180
31179
31178
31177
31176
31175
31174
31173
31172
31171
31170
31169
31168
31167
31166
31165
31164
31163
31162
31161
31160
31159
31158
31157
31156
31155
31154
31153
31152
31151
31150
31148
31147
31146
31145
31144
31143
31142
31141
31140
31139
31138
31137
31136
31135
31134
31133
31132
31131
31130
31129
31128
31127
31126
31125
31124
31123
31122
31121
31120
31119
31118
31117
31116
31115
31114
31113
31112
31111
31110
31109
31108
31107
31106
31105
31104
31103
31102
31101
31100
31099
31098
31097
31096
31095
31094
31093
31092
31091
31090
31089
31088
31087
31086
31085
31084
31083
31082
31081
31080
31079
31078
31077
31076
31075
31074
31073
31072
31071
31070
31069
31068
31067
31066
31065
31064
31063
31062
31061
31060
31059
31058
31057
31056
31055
31054
31053
31052
31051
31050
31049
31048
31047
31046
31045
31044
31043
31042
31041
31040
31039
31038
31037
31036
31035
31034
31033
31032
31031
31030
31029
31028
31027
31026
31025
31024
30847
30846
30845
30844
30843
30842
30841
30840
30839
30838
30837
30836
30835
30834
30833
30832
30831
30830
30829
30828
30827
30826
30825
30824
30823
30822
30821
30820
30819
30818
30817
30816
30815
30814
30813
30812
30811
30810
30809
30808
30807
30806
30805
30804
30803
30802
30801
30800
30799
30798
30797
30796
30795
30794
30793
30792
30791
30790
30789
30788
30787
30786
30785
30784
30783
30782
30781
30780
30779
30778
30777
30776
30775
30774
30773
30772
30771
30770
30769
30768
30767
30766
30765
30764
30763
30762
30761
30760
30759
30758
30757
30756
30755
30754
30753
30752
30751
30750
30749
30748
30747
30746
30745
30744
30743
30742
30741
30740
30739
30738
30737
30736
30735
30734
30733
30732
30731
30730
30729
30728
30727
30726
30725
30724
30723
30722
30721
30720
30719
30718
30717
30716
30715
30714
30713
30712
30711
30710
30709
30708
30707
30706
30705
30704
30703
30702
30701
30700
30699
30698
30697
30696
30695
30694
30693
30692
30691
30690
30689
30688
30687
30686
30685
30684
30683
30682
30681
30680
30679
30678
30677
30676
30675
30674
30673
30672
30671
30670
30669
30668
30667
30666
30665
30664
30663
30392
30391
30390
30389
30388
30387
30386
30385
30384
30383
30382
30381
30380
30379
30378
30377
30376
30375
30374
30373
30372
30371
30370
30369
30368
30367
30366
30365
30364
30363
30362
30361
30360
30359
30358
30357
30356
30355
30354
30353
30352
30351
30350
30349
30348
30347
30346
30345
30344
30343
30342
30341
30340
30339
30338
30337
30336
30335
30334
30333
30332
30331
30330
30329
30328
30327
30326
30325
30324
30323
30322
30321
30320
30319
30318
30317
30316
30315
30314
30313
30312
30311
30310
30309
30308
30307
30306
30305
30304
30303
30302
30301
30300
30299
30298
30297
30296
30295
30294
30293
30292
30291
30290
30289
30288
30287
30286
30285
30284
30283
30282
30281
30280
30279
30278
30277
30276
30275
30274
30273
30272
30271
30270
30269
30268
30267
30266
30265
30264
30263
30262
30261
30260
30259
30258
30257
30256
30255
30254
30253
30252
30251
30250
30249
30248
30247
30246
30245
30244
30243
30242
30241
30240
30239
30238
30237
30236
30235
30234
30233
30232
30231
30230
30229
30228
30227
30226
30225
30224
30223
30222
30221
30220
30219
30218
30217
30216
30215
30214
30213
30212
30211
30210
30209
30208
30207
30206
30205
30204
30203
30202
30201
30200
30199
30198
30197
30196
30195
30194
30193
30192
30191
30190
30189
30188
30187
30186
30185
30184
30183
30182
30181
30180
30179
30178
30177
30176
30175
30174
30173
30172
30171
30170
30169
30168
30167
30166
30165
30164
30163
30162
30161
30160
30159
30158
30157
30156
30155
30154
30153
30152
30151
30150
30149
30148
30147
30146
30145
30144
30143
30142
30141
30140
30139
30138
30137
30136
30135
30134
30133
30132
30131
30130
30129
30128
30127
30126
30125
30124
30123
30122
30121
30120
30119
30118
30117
30116
30115
30114
29959
29958
29957
29956
29955
29954
29953
29952
29951
29950
29949
29948
29947
29946
29945
29944
29943
29942
29941
29940
29939
29938
29937
29936
29935
29934
29933
29932
29931
29930
29929
29928
29927
29926
29925
29924
29923
29922
29921
29920
29919
29918
29917
29916
29915
29914
29913
29912
29911
29910
29909
29908
29907
29906
29905
29904
29903
29902
29901
29900
29899
29898
29897
29896
29895
29894
29893
29892
29891
29890
29889
29888
29887
29886
29885
29884
29883
29882
29881
29880
29879
29878
29877
29876
29875
29874
29873
29872
29871
29870
29869
29868
29867
29866
29865
29864
29863
29862
29861
29860
29859
29858
29857
29856
29855
29854
29853
29852
29851
29850
29849
29848
29847
29846
29845
29844
29843
29842
29841
29840
29839
29838
29837
29836
29835
29834
29833
29832
29831
29830
29829
29828
29827
29826
29825
29824
29823
29822
29821
29820
29819
29818
29817
29816
29815
29814
29813
29812
29811
29810
29809
29808
29807
29806
29805
29804
29803
29802
29801
29800
29799
29798
29797
29796
29795
29794
29785
29784
29783
29782
29781
29780
29779
29778
29775
29774
29771
29770
29768
29751
29750
29742
29577
29576
29575
29574
29573
29572
29571
29570
29569
29568
29567
29566
29565
29564
29563
29562
29561
29560
29559
29558
29557
29556
29555
29554
29553
29552
29551
29550
29549
29548
29547
29546
29545
29544
29543
29542
29541
29540
29539
29538
29537
29536
29535
29534
29533
29532
29531
29530
29529
29528
29527
29526
29525
29524
29523
29522
29521
29520
29519
29518
29517
29516
29515
29514
29513
29512
29511
29510
29509
29508
29507
29506
29505
29504
29503
29502
29501
29500
29499
29498
29497
29496
29495
29494
29493
29492
29491
29490
29489
29488
29487
29486
29485
29484
29483
29482
29481
29480
29479
29478
29477
29476
29475
29474
29473
29472
29471
29470
29469
29468
29467
29466
29465
29464
29463
29462
29461
29460
29459
29458
29457
29456
29455
29454
29453
29452
29451
29450
29449
29448
29447
29446
29445
29444
29443
29442
29441
29440
29439
29438
29437
29436
29435
29434
29433
29432
29431
29430
29429
29428
29427
29426
29425
29424
29423
29422
29421
29420
29419
29418
29417
29416
29415
29414
29413
29412
29407
29406
29405
29404
29401
29400
29398
29396
29390
29389
29388
29387
29386
29385
29384
29383
29382
29381
29135
29134
29133
29132
29131
29130
29129
29128
29127
29126
29125
29124
29123
29122
29121
29120
29119
29118
29117
29116
29115
29114
29113
29112
29111
29110
29109
29108
29107
29106
29105
29104
29103
29102
29101
