29100
29099
29098
29097
29096
29095
29094
29093
29092
29091
29090
29089
29088
29087
29086
29085
29084
29083
29082
29081
29080
29079
29078
29077
29076
29075
29074
29073
29072
29071
29070
29069
29068
29067
29066
29065
29064
29063
29062
29061
29060
29059
29058
29057
29056
29055
29054
29053
29052
29051
29050
29049
29048
29047
29046
29045
29044
29043
29042
29041
29040
29039
29038
29037
29036
29035
29034
29033
29032
29031
29030
29029
29028
29027
29026
29025
29024
29023
29022
29021
29020
29019
29018
29017
29016
29015
29014
29013
29012
29011
29010
29009
29008
29007
29006
29005
29004
29003
29002
29001
29000
28999
28998
28997
28996
28995
28994
28993
28992
28991
28990
28989
28988
28987
28986
28985
28984
28983
28982
28981
28980
28979
28978
28977
28976
28975
28974
28973
28972
28971
28970
28969
28968
28967
28966
28965
28964
28963
28962
28961
28960
28959
28958
28957
28956
28955
28954
28953
28952
28951
28950
28949
28948
28947
28946
28945
28944
28943
28942
28941
28940
28939
28938
28937
28936
28935
28934
28933
28932
28931
28930
28928
28927
28926
28925
28924
28923
28922
28921
28920
28919
28918
28917
28916
28915
28914
28913
28912
28911
28910
28909
28908
28907
28906
28905
28904
28903
28902
28901
28900
28899
28898
28897
28896
28895
28894
28893
28892
28891
28890
28889
28888
28887
28886
28885
28884
28883
28882
28881
28880
28879
28878
28877
28876
28875
28874
28873
28872
28871
28870
28869
28868
28867
28866
28865
28864
28863
28862
28861
28860
28859
28858
28857
28856
28855
28854
28853
28852
28851
28850
28849
28848
28847
28846
28845
28844
28843
28842
28841
28840
28839
28838
28837
28836
28835
28834
28833
28832
28831
28830
28829
28828
28827
28826
28825
28824
28823
28822
28821
28820
28819
28818
28817
28816
28815
28814
28813
28812
28811
28810
28809
28808
28807
28806
28805
28804
28803
28802
28801
28800
28799
28798
28797
28796
28795
28794
28793
28792
28791
28790
28789
28788
28787
28786
28785
28784
28783
28782
28781
28780
28779
28778
28777
28776
28775
28774
28773
28772
28771
28770
28769
28768
28767
28766
28765
28764
28763
28762
28761
28760
28759
28758
28757
28756
28755
28754
28753
28752
28751
28750
28749
28748
28747
28746
28745
28744
28743
28742
28741
28740
28739
28738
28737
28736
28735
28734
28733
28732
28731
28730
28729
28728
28727
28726
28725
28724
28723
28722
28721
28720
28719
28718
28717
28716
28715
28714
28713
28712
28711
28710
28709
28708
28707
28706
28705
28704
28703
28702
28701
28700
28699
28698
28697
28696
28695
28694
28693
28692
28691
28690
28689
28688
28687
28686
28685
28684
28683
28682
28681
28680
28679
28678
28677
28676
28675
28674
28673
28672
28671
28670
28669
28668
28667
28666
28665
28664
28663
28662
28661
28660
28659
28658
28657
28656
28655
28654
28653
28652
28651
28650
28649
28648
28647
28646
28566
28565
28564
28563
28562
28561
28560
28559
28558
28557
28556
28555
28554
28553
28552
28551
28550
28549
28548
28547
28546
28545
28544
28543
28542
28541
28540
28539
28538
28537
28536
28535
28534
28533
28532
28531
28530
28529
28528
28527
28526
28525
28524
28523
28522
28521
28520
28519
28518
28517
28516
28515
28514
28513
28512
28511
28510
28509
28508
28507
28506
28505
28504
28503
28502
28501
28500
28499
28498
28497
28496
28495
28494
28493
28492
28491
28490
28489
28488
28487
28486
28485
28484
28483
28482
28481
28480
28479
28478
28477
28476
28475
28474
28473
28472
28471
28470
28469
28468
28467
28466
28465
28464
28463
28462
28461
28460
28459
28458
28457
28456
28455
28454
28453
28452
28451
28450
28449
28448
28447
28446
28445
28444
28443
28442
28441
28440
28439
28438
28437
28436
28435
28434
28433
28432
28431
28430
28429
28428
28427
28426
28425
28424
28423
28422
28421
28420
28419
28418
28417
28416
28415
28414
28413
28412
28411
28410
28409
28406
28405
28404
28403
28400
28399
28398
28397
28392
28391
28390
28389
28388
28387
28386
28385
28383
28382
28380
28379
28376
28375
28374
28373
28368
28367
28366
28365
28364
28363
28362
28361
28356
28355
28354
28353
28352
28351
28350
28349
28347
28346
28345
28288
28287
28286
28285
28284
28283
28282
28281
28280
28279
28278
28277
28276
28275
28274
28273
28272
28271
28270
28269
28268
28267
28266
28265
28264
28263
28262
28261
28260
28259
28258
28257
28256
28255
28254
28253
28252
28251
28250
28249
28248
28247
28246
28245
28244
28243
28242
28241
28240
28239
28237
28236
28235
28234
28233
28232
28061
28060
28059
28058
28057
28056
28055
28054
28053
28052
28051
28050
28049
28048
28047
28046
28045
28044
28043
28042
28041
28040
28039
28038
28037
28036
28035
28034
28033
28032
28031
28030
28029
28028
28027
28026
28025
28024
28023
28022
28021
28020
28019
28018
28017
28016
28015
28014
28013
28012
28011
28010
28009
28008
28007
28006
28005
28004
28003
28002
28001
28000
27999
27998
27997
27996
27995
27994
27993
27992
27991
27990
27989
27988
27987
27986
27985
27984
27983
27982
27981
27980
27979
27978
27977
27976
27975
27974
27973
27972
27971
27970
27969
27968
27967
27966
27965
27964
27963
27962
27961
27960
27959
27958
27957
27956
27955
27954
27953
27952
27951
27950
27949
27948
27947
27946
27945
27944
27943
27942
27941
27940
27939
27938
27937
27936
27935
27934
27933
27932
27931
27930
27929
27928
27927
27926
27925
27924
27923
27922
27921
27920
27919
27918
27917
27916
27915
27914
27913
27912
27911
27910
27909
27908
27907
27906
27905
27904
27903
27902
27901
27900
27899
27898
27897
27896
27895
27894
27893
27892
27891
27551
27550
27549
27548
27547
27546
27545
27544
27543
27542
27541
27540
27539
27538
27537
27536
27535
27534
27533
27532
27531
27530
27529
27528
27527
27526
27525
27524
27523
27522
27521
27520
27519
27518
27517
27516
27515
27514
27513
27512
27511
27510
27509
27508
27507
27506
27505
27504
27503
27502
27501
27500
27499
27498
27497
27496
27495
27494
27493
27492
27491
27490
27489
27488
27487
27486
27485
27484
27483
27482
27481
27480
27479
27478
27477
27476
27475
27474
27473
27472
27471
27470
27469
27468
27467
27466
27465
27464
27463
27462
27461
27460
27459
27458
27457
27456
27455
27454
27453
27452
27451
27450
27449
27448
27447
27446
27445
27444
27443
27442
27441
27440
27439
27438
27437
27436
27435
27434
27433
27432
27431
27430
27429
27428
27427
27426
27425
27424
27423
27422
27421
27420
27419
27418
27417
27416
27415
27414
27413
27412
27411
27410
27409
27408
27407
27406
27405
27404
27403
27402
27401
27400
27399
27398
27397
27396
27395
27394
27393
27392
27391
27390
27389
27388
27387
27386
27385
27384
27383
27382
27381
27380
27379
27378
27377
27376
27375
27374
27373
27372
27371
27370
27369
27368
27367
27366
27365
27364
27363
27362
27361
27360
27359
27358
27357
27356
27355
27354
27353
27352
27351
27350
27349
27348
27347
27346
27345
27344
27343
27342
27341
27340
27339
27338
27337
27336
27335
27334
27333
27332
27331
27330
27329
27328
27327
27326
27325
27324
27323
27322
27321
27320
27319
27318
27317
27316
27315
27314
27313
27312
27311
27310
27309
27308
27307
27306
27305
27304
27303
27302
27301
27300
27299
27298
27297
27296
27295
27294
27293
27292
27291
27290
27289
27288
27287
27286
27285
27284
27283
27282
27281
27280
27279
27278
27277
27276
27275
27274
27273
27272
27271
27270
27269
27268
27267
27266
27265
27264
27263
27262
27261
27260
27259
27258
27257
27256
27255
27254
27253
27252
27251
27250
27249
27248
27247
27246
27245
27244
27243
27242
27241
27240
27239
27238
27237
27236
27235
27234
27233
27232
27231
27230
27229
27228
27227
27226
27225
27224
27223
27222
27221
27220
27219
27218
27217
27216
27215
27214
27213
27212
27211
27210
26772
26771
26770
26769
26768
26767
26766
26765
26764
26763
26762
26761
26760
26759
26758
26757
26756
26755
26754
26753
26752
26751
26750
26749
26748
26747
26746
26745
26744
26743
26742
26741
26740
26739
26738
26737
26736
26735
26734
26733
26732
26731
26730
26729
26728
26727
26726
26725
26724
26723
26722
26721
26720
26719
26718
26717
26716
26715
26714
26713
26712
26710
26709
26708
26707
26706
26705
26704
26703
26702
26701
26700
26699
26698
26697
26696
26695
26694
26693
26692
26691
26690
26689
26688
26687
26686
26685
26684
26683
26682
26681
26680
26679
26678
26677
26676
26675
26674
26665
26664
26663
26662
26661
26660
26659
26658
26654
26653
26652
26642
26641
26640
26639
26638
26637
26459
26458
26457
26456
26455
26454
26453
26452
26451
26450
26449
26448
26447
26446
26445
26444
26443
26442
26441
26440
26439
26438
26437
26436
26435
26434
26433
26432
26431
26430
26429
26428
26427
26426
26425
26424
26423
26422
26421
26420
26419
26418
26417
26416
26415
26414
26413
26412
26411
26410
26409
26408
26407
26406
26405
26404
26403
26402
26401
26400
26399
26398
26397
26396
26395
26394
26393
26392
26391
26390
26389
26388
26387
26386
26385
26384
26383
26382
26381
26380
26379
26378
26377
26376
26375
26374
26373
26372
26371
26370
26369
26368
26367
26366
26365
26364
26363
26362
26360
26359
26358
26357
26356
26355
26354
26353
26352
26351
26350
26349
26348
26347
26346
26345
26344
26343
26342
26341
26340
26338
26337
26336
26335
26334
26333
26332
26331
26330
26329
26328
26327
26326
26325
26324
26323
26322
26321
26320
26319
26318
26317
26316
26315
26314
26313
26312
26311
26310
26309
26308
26307
26306
26305
26304
26303
26302
26301
26300
26299
26298
26297
26296
26295
26294
26293
26292
26291
26290
26289
26288
26287
26286
26285
26284
26283
26282
26281
26280
26279
26278
26277
26276
26275
26274
26273
26272
26271
26270
26269
26268
26267
26266
26265
26264
26263
26262
26261
26260
26259
26258
26257
26255
26254
26253
26252
26251
26250
26249
26248
26247
26246
26245
26244
26243
26242
26241
26240
26239
26238
26237
26236
26235
26234
26233
26232
26231
26230
26229
26228
26227
26226
26225
26224
26223
26222
26221
26220
26219
26218
26217
26216
26215
26214
26213
26212
26211
26210
26209
26208
26207
26206
26205
26204
26203
26202
26201
26200
26199
26198
26197
26196
26195
26194
26193
26192
26191
26190
26189
26188
26187
26186
26185
26184
26183
26182
26181
26180
26179
26178
26177
26176
26175
26174
26173
26172
26171
26170
26169
26168
26167
26166
26165
26164
26163
26162
26161
26160
26159
26158
26157
26156
26155
26154
26153
26152
26151
26150
26149
26148
26147
26146
26145
26144
26143
26142
26141
26140
26139
26138
26137
26136
26135
26134
26133
26132
26131
26130
26129
26128
26127
26126
26125
26124
26123
26122
26121
26120
26119
26118
26117
26116
26115
26114
26113
26112
26111
26110
26109
26108
26107
26106
26085
26084
26083
26082
26081
26080
26079
26078
26077
26076
26075
26074
26073
26072
26071
26070
26069
26068
26067
26066
26065
26064
26063
26062
26061
26060
26059
26058
26057
26056
26055
26054
26053
26052
26051
26050
26049
26048
26047
26046
26021
26020
26019
26018
26017
26016
26015
26014
24375
24374
24108
24107
24106
24105
24104
24103
24102
24101
24100
24099
24098
24097
24096
24095
24094
24093
24092
24091
24090
24089
24088
24087
24086
24085
24084
24083
24082
24081
24080
24079
24078
24077
24076
24075
24074
24073
24072
24071
24070
24069
24068
24067
24066
24065
24064
24063
24062
24061
24060
24059
24058
24057
24056
24055
24054
24053
24052
24051
24050
24049
24048
24047
24046
24045
24044
24043
24042
24040
24039
24038
24037
24036
24035
24034
24033
24032
24031
24030
24029
24028
24027
24026
24025
24024
24023
24022
24021
24020
24019
24018
24017
24016
24015
24014
24013
24012
24011
24010
24009
24008
24007
24006
24005
24004
24003
24002
24001
24000
23999
23998
23997
23996
23995
23994
23993
23992
23991
23990
23989
23988
23987
23986
23985
23984
23983
23982
23981
23980
23979
23978
23977
23976
23975
23974
23973
23972
23971
23970
23969
23968
23967
23966
23965
23964
23963
23962
23961
23960
23959
23958
23957
23956
23955
23954
23953
23952
23951
23950
23949
23948
23947
23946
23945
23944
23943
23942
23941
23939
23938
23937
23936
23935
23934
23933
23932
23931
23930
23929
23928
23927
23926
23925
23924
23923
23922
23921
23920
23919
23918
23917
23916
23915
23914
23913
23912
23911
23910
23909
23908
23907
23906
23905
23904
23903
23902
23901
23900
23899
23898
23897
23896
23895
23894
23893
23892
23891
23890
23889
23888
23887
23886
23885
23884
23883
23882
23881
23880
23879
23878
23877
23876
23875
23874
23873
23872
23871
23870
23869
23868
23867
23866
23865
23864
23863
23862
23861
23860
23859
23858
23857
23856
23855
23854
23853
23852
23851
23850
23849
23848
23847
23846
23845
23844
23843
23842
23841
23840
23766
23765
23764
23763
23762
23761
23760
23759
23758
23757
23756
23755
23754
23753
23752
23751
23750
23749
23748
23747
23746
23745
23744
23743
23742
23741
23740
23739
23738
23737
23736
23735
23734
23733
23732
23731
23730
23729
23728
23727
23726
23725
23724
23723
23722
23721
23720
23719
23718
23717
23716
23715
23714
23713
23712
23711
23710
23709
23708
23707
23706
23705
23704
23703
23702
23701
23700
23699
23698
23697
23696
23695
23694
23446
23445
23444
23443
23442
23441
23440
23439
23438
23437
23436
23435
23434
23433
23432
23431
23430
23429
23428
23427
23426
23425
23424
23423
23422
23421
23420
23419
23418
23417
23416
23415
23414
23413
23412
23411
23410
23409
23408
23407
23406
23405
23404
23403
23402
23401
23400
23399
23398
23396
23395
23394
23393
23392
23391
23390
23389
23388
23387
23386
23385
23384
23383
23382
23381
23380
23379
23378
23377
23376
23375
23374
23373
23372
23371
23370
23369
23368
23367
23366
23365
23364
23363
23362
23361
23360
23359
23358
23357
23356
23355
23354
23353
23352
23351
23350
23349
23348
23347
23346
23345
23344
23343
23342
23341
23340
23339
23338
23337
23336
23335
23334
23333
23332
23331
23330
23329
23328
23327
23326
23325
23324
23323
23322
23321
23320
23319
23318
23317
23316
23315
23314
23313
23312
23311
23310
23309
23308
23307
23306
23305
23304
23303
23302
23301
23300
23299
23298
23297
23295
23294
23293
23292
23291
23290
23289
23288
23287
23286
23285
23284
23283
23282
23281
23280
23279
23278
23277
23276
23275
23274
23273
23272
23271
23270
23269
23268
23267
23266
23265
23264
23263
23262
23261
23260
23259
23258
23257
23256
23255
23254
23253
23252
23251
23250
23249
23248
23247
23246
23245
23244
23243
23242
23241
23240
23239
23238
23237
23236
23235
23234
23233
23232
23231
23230
23229
23228
23227
23226
23225
23224
23223
23222
23221
23220
23219
23218
23217
23216
23215
23214
23213
23212
23211
23210
23209
23208
23207
23206
23205
23204
23203
23202
23201
23200
23199
23198
23197
23196
22868
22867
22866
22865
22864
22863
22862
22861
22860
22859
22858
22857
22856
22855
22854
22853
22852
22851
22850
22849
22848
22847
22846
22845
22844
22843
22842
22841
22840
22839
22837
22836
22835
22834
22833
22832
22831
22830
22829
22828
22827
22826
22825
22824
22823
22822
22821
22820
22819
22818
22817
22816
22815
22814
22813
22812
22811
22810
22809
22808
22806
22805
22804
22803
22802
22801
22800
22799
22798
22797
22796
22795
22794
22793
22792
22791
22790
22789
22788
22787
22786
22785
22784
22783
22782
22781
22780
22779
22778
22777
22776
22775
22774
22773
22772
22771
22770
22769
22768
22767
22766
22765
22764
22763
22762
22761
22760
22759
22758
22757
22756
22755
22754
22753
22752
22751
22750
22749
22748
22747
22746
22745
22744
22743
22742
22741
22740
22739
22738
22736
22735
22734
22733
22732
22731
22730
22729
22728
22727
22726
22725
22724
22723
22722
22721
22720
22719
22718
22717
22716
22715
22714
22713
22712
22711
22710
22709
22708
22707
22706
22705
22704
22703
22702
22701
22700
22699
22698
22697
22696
22695
22694
22693
22692
22691
22690
22689
22688
22687
22686
22685
22684
22683
22682
22681
22680
22679
22678
22677
22676
22675
22674
22673
22672
22671
22670
22669
22668
22667
22666
22665
22664
22663
22662
22661
22660
22659
22658
22657
22656
22655
22654
22653
22652
22651
22650
22649
22648
22647
22646
22645
22644
22643
22642
22641
22640
22639
22638
22637
22635
22634
22633
22632
22631
22630
22629
22628
22627
22626
22625
22624
22623
22622
22621
22620
22619
22618
22617
22616
22615
22614
22613
22612
22611
22610
22609
22608
22607
22606
22605
22604
22603
22602
22601
22600
22599
22598
22597
22596
22595
22594
22593
22592
22591
22590
22589
22588
22587
22586
22585
22584
22583
22582
22581
22580
22579
22578
22577
22576
22575
22574
22573
22572
22571
22570
22569
22568
22567
22566
22565
22564
22563
22562
22561
22560
22559
22558
22557
22556
22555
22554
22553
22552
22551
22550
22549
22548
22547
22546
22545
22544
22543
22542
22541
22540
22539
22538
22537
22536
22529
22528
22527
22526
22525
22524
22507
22506
22505
22504
22503
22502
22501
22500
22499
22498
22497
22496
22495
22494
22493
22492
22463
22462
22461
22460
22459
22458
22457
22456
22455
22454
22453
22452
22451
22450
22449
22448
22447
22446
22445
22444
22443
22442
22441
22440
22439
22438
22437
22436
22409
22408
22407
22406
22405
22404
22403
22402
22401
22400
22399
22398
22397
22396
22395
22394
22393
22392
22391
22390
22389
22388
22387
22386
22385
22384
22377
22376
22375
22374
22373
22372
22367
22366
22365
22364
22359
22358
22357
22356
22354
22351
22350
22348
22346
22342
22341
22337
22336
22277
22276
22047
22046
22045
22044
22043
22042
22041
22040
22039
22038
22037
22036
22035
22034
22033
22032
22031
22030
22029
22028
22027
22026
22025
22024
22023
22022
22021
22020
22019
22018
22017
22016
22015
22014
22013
22012
22011
22010
22009
22008
22007
22006
22005
22003
22002
22001
22000
21999
21998
21997
21996
21995
21994
21993
21992
21991
21990
21989
21988
21987
21986
21985
21984
21983
21982
21981
21980
21979
21978
21977
21976
21975
21974
21973
21972
21971
21970
21969
21968
21967
21966
21965
21964
21963
21962
21961
21960
21959
21958
21957
21956
21955
21954
21953
21952
21951
21950
21949
21948
21947
21946
21945
21944
21943
21942
21941
21940
21939
21938
21937
21936
21935
21934
21933
21932
21931
21930
21929
21928
21927
21926
21925
21924
21923
21922
21921
21920
21919
21918
21917
21916
21915
21914
21913
21912
21911
21910
21909
21908
21907
21906
21905
21904
21899
21697
21696
21695
21693
21692
21691
21690
21689
21688
21687
21686
21685
21684
21683
21682
21681
21680
21679
21678
21677
21676
21675
21674
21673
21672
21671
21670
21669
21668
21667
21666
21665
21664
21663
21662
21661
21660
21659
21658
21657
21656
21655
21654
21653
21652
21651
21650
21649
21648
21647
21646
21645
21644
21643
21642
21641
21640
21639
21638
21637
21636
21635
21634
21633
21632
21631
21630
21629
21628
21627
21626
21625
21624
21623
21622
21621
21620
21619
21618
21617
21616
21615
21614
21613
21612
21611
21610
21609
21608
21607
21606
21605
21604
21603
21602
21601
21600
