61300
61299
61298
61297
61296
61295
61294
61293
61292
61291
61290
61289
61288
61287
61286
61285
61284
61283
61282
61281
61280
61279
61278
61277
61276
61275
61274
61273
61272
61271
61270
61269
61268
61267
61266
61265
61264
61263
61262
61261
61260
61259
61258
61257
61256
61255
61254
61253
61252
61251
61250
61249
61248
61247
61246
61245
61244
61243
61242
61241
61240
61239
61238
61237
61236
61235
61234
61233
61232
61231
61230
61229
61228
61227
61226
61225
61224
61223
61222
61221
61220
61219
61218
61217
61216
61215
61214
61213
61212
61211
61210
61209
61208
61207
61206
61205
61204
61203
61202
61201
61200
61199
61198
61197
61196
61195
61194
61193
61192
61191
61190
61189
61188
61187
61186
61185
61184
61183
61182
61181
61180
61179
61178
61177
61176
61175
61174
61173
61172
61171
61170
61169
61168
61167
61166
61165
61164
61163
61162
61161
61160
61159
61158
61157
61156
61155
61154
61153
61152
61151
61150
61149
61148
61147
61146
61145
61144
61143
61142
61141
61140
61139
61138
61137
61136
61135
61134
61133
61132
61131
61130
61129
61128
61127
61126
61125
61124
61123
61122
61121
61120
61119
61118
61117
61116
61115
61114
61113
61112
61111
61110
61109
61108
61107
61106
61105
61104
61103
61102
61101
61100
61099
61098
61097
61096
61095
61094
61093
61092
61091
61090
61089
61088
61087
61086
61085
61084
61083
61082
61081
61080
61079
61078
61077
61076
61075
61074
61073
61072
61071
61070
61069
61068
61067
61066
61065
61064
61063
61062
61061
61060
61059
61058
61057
61056
61055
61054
61053
61052
61051
61050
61049
61048
61047
61046
61045
61044
61043
61042
61041
61040
61039
61038
61037
61036
61035
60726
60725
60724
60723
60722
60721
60720
60719
60718
60717
60716
60715
60714
60713
60712
60711
60710
60709
60708
60707
60706
60705
60704
60703
60702
60701
60700
60699
60698
60697
60696
60695
60694
60693
60692
60691
60690
60689
60688
60687
60686
60685
60684
60683
60682
60681
60680
60679
60678
60677
60676
60675
60674
60673
60672
60671
60670
60669
60668
60667
60666
60665
60664
60663
60662
60661
60660
60659
60658
60657
60656
60655
60654
60653
60652
60651
60650
60649
60648
60647
60646
60645
60644
60643
60642
60641
60640
60639
60638
60637
60636
60635
60634
60633
60632
60631
60630
60629
60628
60627
60626
60625
60624
60623
60622
60621
60620
60619
60618
60617
60616
60615
60614
60613
60612
60611
60610
60609
60608
60607
60606
60605
60604
60603
60602
60601
60600
60599
60598
60597
60596
60595
60594
60593
60592
60591
60590
60589
60588
60587
60586
60585
60584
60583
60582
60581
60580
60579
60578
60577
60576
60575
60574
60573
60572
60571
60570
60569
60568
60567
60566
60565
60564
60563
60562
60561
60560
60559
60558
60557
60556
60555
60554
60553
60552
60551
60550
60549
60548
60547
60546
60545
60544
60543
60542
60541
60540
60539
60538
60537
60536
60535
60534
60533
60532
60531
60530
60529
60528
60527
60526
60525
60524
60523
60522
60521
60520
60519
60518
60517
60516
60515
60514
60513
60512
60511
60510
60509
60508
60507
60506
60505
60504
60503
60502
60501
60500
60499
60498
60497
60496
60495
60494
60493
60492
60491
60490
60489
60488
60487
60486
60485
60484
60483
60482
60481
60480
60479
60478
60477
60476
60475
60474
60473
60472
60471
60470
60469
60468
60467
60466
60465
60464
60463
60462
60461
60460
60459
60458
60457
60456
60455
60454
60453
60452
60451
60450
60449
60448
60447
60446
60445
60444
60443
60442
60441
60440
60439
60438
60437
60436
60435
60434
60433
60432
60431
60430
60429
60428
60427
60426
60425
60424
60423
60422
60421
60420
60419
60111
60110
60109
60108
60107
60106
60105
60104
60103
60102
60101
60100
60099
60098
60097
60096
60095
60094
60093
60092
60091
60090
60089
60088
60087
60086
60085
60084
60083
60082
60081
60080
60079
60078
60077
60076
60075
60074
60073
60072
60071
60070
60069
60068
60067
60066
60065
60064
60063
60062
60061
60060
60059
60058
60057
60056
60055
60054
60053
60052
60051
60050
60049
60048
60047
60046
60045
60044
60043
60042
60041
60040
60039
60038
60037
60036
60035
60034
60033
60032
60031
60030
60029
60028
60027
60026
60025
60024
60023
60022
60021
60020
60019
60018
60017
60016
60015
60014
60013
60012
60011
60010
60009
60008
60007
60006
60005
60004
60003
60002
60001
60000
59999
59998
59997
59996
59995
59994
59993
59992
59991
59990
59989
59988
59987
59986
59985
59984
59983
59982
59981
59980
59979
59978
59977
59976
59975
59974
59973
59972
59971
59970
59969
59968
59967
59966
59965
59964
59963
59962
59961
59960
59959
59958
59957
59956
59955
59954
59953
59952
59951
59950
59949
59948
59947
59946
59945
59944
59943
59942
59941
59940
59939
59938
59937
59936
59935
59934
59933
59932
59931
59930
59929
59928
59927
59926
59925
59924
59923
59922
59921
59920
59919
59918
59917
59916
59915
59914
59913
59912
59911
59910
59909
59908
59907
59906
59905
59904
59903
59902
59901
59900
59899
59898
59897
59896
59895
59894
59893
59892
59891
59890
59889
59888
59887
59886
59885
59884
59883
59882
59881
59880
59879
59878
59877
59876
59875
59874
59873
59872
59871
59870
59869
59868
59867
59866
59865
59864
59863
59862
59861
59860
59858
59857
59856
59855
59854
59853
59852
59851
59850
59849
59848
59847
59846
59845
59844
59843
59842
59841
59840
59839
59838
59837
59836
59835
59834
59833
59832
59831
59830
59829
59828
59827
59826
59825
59824
59823
59822
59821
59820
59819
59818
59817
59816
59815
59814
59813
59812
59811
59810
59809
59808
59807
59806
59805
59660
59659
59658
59657
59656
59655
59654
59653
59652
59651
59650
59649
59648
59647
59646
59645
59644
59643
59642
59641
59640
59639
59638
59637
59636
59635
59634
59633
59632
59631
59630
59629
59628
59627
59626
59625
59624
59623
59622
59621
59620
59619
59618
59617
59616
59615
59614
59613
59612
59611
59610
59609
59608
59607
59606
59605
59604
59603
59602
59601
59600
59599
59598
59597
59596
59595
59594
59593
59592
59591
59590
59589
59588
59587
59586
59585
59584
59583
59582
59581
59580
59579
59578
59577
59576
59575
59574
59573
59572
59571
59570
59569
59568
59567
59566
59565
59564
59563
59562
59561
59560
59559
59558
59557
59556
59555
59554
59553
59552
59551
59550
59549
59548
59547
59546
59545
59544
59543
59542
59541
59540
59539
59538
59537
59536
59535
59534
59533
59532
59531
59530
59529
59528
59527
59526
59525
59524
59523
59522
59521
59520
59519
59518
59517
59445
59444
59443
59442
59441
59440
59439
59438
59437
59436
59435
59434
59433
59432
59431
59430
59429
59428
59427
59426
59425
59424
59423
59422
59421
59420
59419
59418
59417
59416
59415
59414
59413
59412
59411
59410
59409
59408
59407
59406
59405
59404
59403
59402
59401
59400
59399
59398
59397
59396
59395
59394
59393
59392
59391
59390
59389
59388
59387
59386
59385
59384
59383
59382
59381
59380
59379
59378
59377
59376
59375
59302
59301
59300
59299
59298
59297
59296
59295
59294
59293
59292
59291
59290
59289
59288
59287
59286
59285
59284
59283
59282
59281
59280
59279
59278
59277
59276
59275
59274
59273
59272
59271
59270
59269
59268
59267
59266
59265
59264
59263
59262
59261
59260
59259
59258
59257
59256
59255
59254
59253
59252
59251
59250
59249
59248
59247
59246
59245
59244
59243
59242
59241
59240
59239
59238
59237
59236
59235
59234
59233
59232
59231
57450
57449
57448
57447
57446
57445
57444
57443
57442
57441
57440
57439
57438
57437
57436
57435
57434
57433
57432
57431
57430
57429
57428
57427
57426
57425
57424
57423
57422
57421
57420
57419
57418
57417
57416
57415
57414
57413
57412
57411
57410
57409
57408
57407
57406
57405
57404
57403
57402
57401
57400
57399
57398
57397
57396
57395
57394
57393
57392
57391
57390
57389
57388
57387
57386
57385
57384
57383
57382
57381
57380
57379
57378
57377
57376
57375
57374
57373
57372
57371
57370
57369
57368
57367
57366
57365
57364
57363
57362
57361
57360
57359
57358
57357
57356
57355
57354
57353
57352
57351
57350
57349
57348
57347
57346
57345
57344
57343
57342
57341
57340
57339
57338
57337
57336
57335
57334
57333
57332
57331
57330
57329
57328
57327
57326
57325
57324
57323
57322
57321
57320
57319
57318
57317
57316
57315
57314
57313
57312
57311
57310
57309
57308
57307
57306
57305
57304
57303
57302
57301
57300
57299
57298
57297
57296
57295
57294
57293
57292
57291
57290
57289
57288
57287
57286
57285
57284
57283
57282
57281
57280
57279
57278
57277
57276
57275
57274
57273
57272
57271
57270
57269
57268
57267
57266
57265
57264
57263
57262
57261
57260
57259
57258
57257
57256
57255
57254
57253
57252
57251
57250
57249
57248
57247
57246
57245
57244
57243
57242
57241
57240
57239
57238
57237
57236
57235
57234
57233
57232
57231
57230
57229
57228
57227
57226
57225
57224
57223
57222
57221
57220
57219
57218
57217
57216
57215
57214
57213
57212
57211
57210
57209
57208
57207
57206
57205
57204
57203
57202
57201
57200
57199
57198
57197
57196
57195
57194
57193
57192
57191
57190
57189
57188
57187
57186
57185
57184
57183
57182
57181
57180
57179
57178
57177
57176
57175
57174
57173
57172
57171
57170
57169
57168
57167
57166
57165
57164
57163
57162
57161
57160
57159
57158
57157
57156
57155
57154
57153
57152
57151
57150
57149
57148
57147
57146
57145
57015
57014
57013
57012
57011
57010
57009
57008
57007
57006
57005
57004
57003
57002
57001
57000
56999
56998
56997
56996
56995
56994
56993
56992
56991
56990
56989
56988
56987
56986
56985
56984
56983
56982
56981
56980
56979
56978
56977
56976
56975
56974
56973
56972
56971
56970
56969
56968
56967
56966
56965
56964
56963
56962
56961
56960
56959
56958
56957
56956
56955
56954
56953
56952
56951
56950
56949
56948
56947
56946
56945
56944
56943
56942
56941
56940
56939
56938
56937
56936
56935
56934
56933
56932
56931
56930
56929
56928
56927
56926
56925
56924
56923
56922
56921
56920
56919
56918
56917
56916
56915
56914
56913
56912
56911
56910
56909
56908
56907
56906
56905
56904
56903
56902
56901
56900
56899
56898
56897
56896
56895
56894
56893
56892
56891
56890
56889
56888
56887
56819
56818
56817
56816
56815
56814
56813
56812
56811
56810
56809
56808
56807
56806
56805
56804
56803
56802
56801
56800
56799
56798
56797
56796
56795
56794
56793
56792
56791
56790
56789
56788
56787
56786
56785
56784
56783
56782
56781
56780
56779
56778
56777
56776
56775
56774
56773
56772
56771
56770
56769
56768
56767
56766
56765
56764
56763
56762
56761
56760
56759
56758
56757
56756
56755
56754
56753
56684
56683
56682
56681
56680
56679
56678
56677
56676
56675
56674
56673
56672
56671
56670
56669
56668
56667
56666
56665
56664
56663
56662
56661
56660
56659
56658
56657
56656
56655
56654
56653
56652
56651
56650
56649
56648
56647
56646
56645
56644
56643
56642
56641
56640
56639
56638
56637
56636
56635
56634
56633
56632
56631
56630
56629
56628
56627
56626
56625
56624
56623
56622
56621
56620
56619
56618
56617
55817
55703
55702
55701
55700
55699
55698
55697
55696
55695
55694
55693
55692
55691
55690
55689
55688
55687
55686
55685
55684
55683
55682
55681
55680
55679
55678
55677
55676
55675
55674
55673
55672
55671
55670
55669
55668
55667
55666
55665
55664
55663
55662
55661
55660
55659
55658
55657
55656
55655
55654
55653
55652
55651
55650
55649
55648
55647
55646
55645
55644
55643
55642
55641
55640
55639
55638
55637
55636
55635
55634
55633
55632
55631
55630
55629
55628
55627
55626
55625
55624
55623
55622
55621
55620
55619
55618
55617
55616
55615
55614
55613
55612
55611
55610
55609
55608
55607
55606
55605
55604
55603
55602
55601
55600
55599
55598
55597
55596
55595
55594
55593
55592
55591
55532
55531
55530
55529
55528
55527
55526
55525
55524
55523
55522
55521
55520
55519
55518
55517
55516
55515
55514
55513
55512
55511
55510
55509
55508
55507
55506
55505
55504
55503
55502
55501
55500
55499
55498
55497
55496
55495
55494
55493
55492
55491
55490
55489
55488
55487
55486
55485
55484
55483
55482
55481
55480
55479
55478
55477
55455
55454
55453
55452
55451
55450
55449
55448
55447
55446
55445
55444
55443
55442
55441
55440
55439
55438
55437
55436
55435
55416
55415
55414
55413
55412
55411
55410
55409
55408
55407
55406
55405
55404
55403
55402
55401
55400
55399
55269
55268
55267
55266
55265
55264
55263
55262
55261
55260
55259
55196
55195
54811
54810
54809
54808
54807
54806
54805
54804
54803
54802
54801
54800
54799
54798
54797
54796
54795
54794
54793
54792
54791
54790
54789
54788
54787
54786
54785
54784
54783
54782
54781
54780
54779
54778
54777
54776
54775
54774
54773
54772
54771
54770
54769
54768
54767
54766
54765
54764
54763
54761
54760
54759
54758
54757
54756
54755
54754
54753
54752
54751
54750
54749
54748
54747
54746
54745
54744
54743
54742
54741
54740
54739
54738
54737
54736
54735
54734
54733
54732
54731
54730
54729
54728
54727
54726
54725
54724
54723
54722
54721
54720
54719
54718
54717
54716
54715
54714
54713
54712
54711
54710
54709
54708
54707
54706
54705
54704
54703
54702
54701
54700
54699
54698
54697
54696
54695
54694
54693
54692
54691
54690
54689
54688
54687
54686
54685
54684
54683
54682
54681
54680
54679
54678
54677
54676
54675
54674
54673
54672
54671
54670
54669
54668
54667
54666
54665
54664
54663
54662
54661
54660
54659
54658
54657
54656
54655
54654
54653
54652
54651
54650
54649
54648
54647
54646
54645
54644
54643
54642
54641
54640
54639
54638
54637
54636
54635
54634
54633
54632
54631
54630
54629
54628
54627
54626
54625
54624
54623
54622
54621
54620
54619
54618
54617
54616
54615
54614
54613
54612
54611
54610
54609
54608
54607
54606
54605
54604
54603
54602
54601
54600
54599
54598
54597
54596
54595
54594
54593
54592
54591
54590
54589
54588
54587
54586
54585
54584
54583
54582
54581
54580
54579
54578
54577
54576
54575
54574
54573
54572
54571
54570
54569
54568
54567
54566
54565
54564
54563
54562
54561
54560
54559
54558
54557
54556
54555
54554
54553
54552
54551
54550
54549
54548
54547
54546
54545
54544
54543
54542
54541
54540
54539
54538
54537
54536
54535
54534
54533
54532
54531
54530
54529
54528
54527
54526
54525
54524
54523
54522
54521
54520
54519
54518
54517
54516
54515
54514
54513
54512
54511
54510
54509
54508
54507
54506
54505
54504
54503
54502
54501
54500
54499
54498
54497
54496
54495
54494
54493
54492
54491
54490
54489
54488
54487
54486
54485
54484
54483
54482
54481
54480
54479
54478
54477
54476
54475
54474
54473
54472
54471
54470
54469
54468
54467
54466
54465
54464
54463
54462
54461
54460
54459
54458
54457
54456
54455
54454
54453
54452
54451
54450
54449
54448
54447
54446
54445
54444
54443
54442
54441
54440
54439
54438
54437
54436
54435
54434
54433
54432
54431
54430
54429
54427
54241
54240
54239
54238
54237
54236
54235
54234
54233
54232
54231
54230
54229
54228
54227
54226
54224
54223
54222
54221
54220
54219
54218
54217
54216
54215
54214
54213
54212
54211
54210
54209
54208
54207
54206
54205
54204
54203
54202
54201
54200
54199
54198
54197
54196
54195
54194
54193
54192
54191
54190
54189
54188
54187
54186
54185
54184
54183
54182
54181
54180
54179
54178
54177
54176
54175
54174
54173
54172
54171
54170
54169
54168
54167
54166
54165
54164
54163
54162
54161
54160
54159
54158
54157
54156
54155
54154
54153
54152
54151
54150
54149
54148
54147
54146
54145
54144
54143
54142
54141
54140
54139
54138
54137
54136
54135
54134
54133
54132
54131
54130
54129
54128
54127
54126
54125
54124
54123
54122
54121
54120
54119
54118
54117
54116
54115
54114
54113
54112
54111
54110
54109
54108
54107
54106
54105
54104
54103
54102
54101
54100
54099
54098
54097
54096
54095
54094
54093
54092
54091
54090
54089
54088
54087
54086
54085
54084
54083
54082
54081
54080
54079
54078
54077
54076
54075
54074
54073
54072
54071
54070
54069
54068
54067
54066
54065
54064
54063
54062
54061
54060
54059
54058
54057
53868
53867
53866
53865
53864
53863
53862
53861
53860
53859
53858
53857
53856
53855
53854
53853
53852
53851
53850
53849
53848
53847
53846
53845
53844
53843
53842
53841
53840
53839
53838
53837
53836
53835
53834
53833
53832
53831
53830
53829
53828
53827
53826
53825
53824
53823
53822
53821
53820
53819
53818
53817
53816
53815
53814
53813
53812
53811
53810
53809
53808
53807
53806
53805
53804
53803
53802
53801
53800
53799
53798
53797
53796
53795
53794
53793
53792
53791
53790
53789
53788
53787
53786
53785
53784
53783
53782
53781
53780
53779
53778
53777
53776
53775
53774
53773
53772
53771
53770
53769
53768
53767
53766
53765
53764
53763
53762
53761
53760
53759
53758
53757
53756
53755
53754
53753
53752
53751
53750
53749
53748
53747
53746
53745
53744
53743
53742
53741
53740
53739
53738
53737
53736
53735
53734
53733
53732
53731
53730
53729
53728
53727
53726
53725
53724
53723
53722
53721
53720
53719
53718
53717
53716
53715
53714
53713
53712
53711
53710
53709
53708
53707
53706
53705
53704
53703
53702
53701
53700
53699
53698
53697
53696
53695
53694
53693
53692
53691
53690
53689
53688
53687
53686
53685
53684
53683
53682
53681
52577
52576
52575
52574
52573
52572
52571
52570
52569
52568
52567
52566
52565
52564
52563
52562
52561
52560
52559
52558
52557
52556
52555
52554
52553
52552
52551
52550
52549
52548
52547
52546
52545
52544
52543
52542
52541
52540
52539
52538
52537
52536
52535
52534
52533
52532
52531
52530
52529
52528
52527
52526
52525
52524
52523
52522
52521
52520
52519
52518
52517
52516
52515
52514
52513
52512
52511
52510
52509
52508
52507
52506
52505
52504
52503
52502
52501
52500
52499
52498
52497
52496
52495
52494
52493
52492
52491
52490
52489
52488
52487
52486
52485
52484
52483
52482
52481
52480
52479
52478
52477
52476
52475
52474
52473
52472
52471
52470
52469
52468
52467
52466
52465
52464
52463
52462
52461
52460
52459
52458
52457
52456
52455
52454
52453
52452
52451
52450
52449
52448
52447
52446
52445
52444
52443
52442
52441
52440
52439
52438
52437
52436
52435
52434
52433
52432
52431
52430
52429
52428
52427
52426
52425
52424
52423
52422
52421
52420
52419
52418
52417
52416
52415
52414
52413
52412
52411
52410
52409
52408
52407
52406
52405
52404
52403
52402
52401
52400
52399
52398
52397
52396
52395
52394
52393
52392
52391
52390
52389
52388
52387
52386
52385
52384
52383
52382
52381
52380
52379
52378
52377
52376
52375
52374
52373
52372
52371
52370
52369
52368
52367
52366
52365
52364
52363
52362
52361
52360
52359
52358
52357
52356
52355
52354
52353
52352
52351
52350
52349
52348
52347
52346
52345
52344
52343
52342
52341
52340
52339
52338
52337
52336
52335
52334
52333
52332
52331
52330
52329
52328
52327
52326
52325
52324
52323
52322
52321
52320
52319
52318
52317
52316
52315
52314
52313
52312
52311
52310
52309
52308
52307
52306
52305
52304
52303
52302
52301
52300
52299
52298
52297
52296
52295
52294
52293
52292
