115118
115117
115116
115115
115114
115113
115112
115111
115110
115109
115108
115107
115106
115105
115104
115103
115102
115101
115100
115099
115098
115097
115096
115095
115094
115093
115092
115091
115090
115089
115088
115087
115086
115085
115084
115083
115082
115081
115080
115079
115078
115077
115076
115075
115074
115073
115072
115071
115070
115069
115068
115067
115066
115065
115064
115063
115062
115061
115060
115059
115057
115056
115055
115054
115053
115052
115051
115050
115049
115048
115047
115046
115045
115044
115043
115042
115041
115040
115039
115038
115037
115036
115035
115034
115033
115032
115031
115030
115029
115028
115027
115026
115025
115024
115023
115021
115020
114753
114616
114615
114614
114613
114612
114611
114610
114609
114608
114607
114606
114605
114604
114603
114602
114601
114600
114599
114598
114597
114596
114595
114594
114593
114592
114591
114590
114589
114588
114587
114586
114585
114584
114583
114582
114581
114580
114579
114578
114577
114576
114575
114574
114573
114572
114571
114570
114569
114568
114567
114566
114565
114564
114563
114562
114561
114560
114559
114558
114557
114556
114555
114554
114553
114552
114551
114550
114549
114548
114547
114546
114545
114544
114543
114542
114541
114540
114539
114538
114537
114536
114535
114534
114533
114532
114531
114530
114529
114528
114527
114526
114525
114524
114523
114522
114521
114520
114519
114518
114517
114516
114515
114514
114513
114512
114511
114510
114509
114508
114507
114506
114505
114504
114503
114502
114501
114500
114499
114498
114497
114496
114495
114494
114493
114492
114491
114490
114489
114488
114487
114486
114485
114484
114483
114482
114481
114480
114479
114478
114477
114476
114475
114474
114472
114471
114470
114469
114468
114467
114466
114465
114464
114463
114462
114461
114460
114459
114458
114457
114456
114455
114454
114453
114452
114451
114450
114449
114448
114447
114446
114445
114444
114443
114442
114441
114440
114439
114438
114437
114436
114435
114434
114433
114432
114431
114430
114429
114428
114427
114426
114425
114424
114423
114422
114421
114420
114419
114418
114417
114416
114415
114414
114413
114412
114411
114410
114409
114408
114407
114406
114405
114404
114403
114402
114401
114400
114399
114398
114397
114396
114395
114394
114393
114392
114391
114390
114389
114388
114387
114386
114385
114384
114383
114382
114381
114380
114379
114378
114377
114376
114375
114374
114373
114372
114371
114370
114369
114368
114367
114366
114365
114364
114363
114362
114361
114360
114359
114358
114357
114356
114355
114354
114353
114352
114351
114350
114349
114348
114347
114346
114345
114344
114343
114342
114341
114340
114339
114338
114337
114336
114335
114334
114333
114332
114331
114330
114329
114328
114327
114326
114325
114324
114323
114322
114321
114320
114319
114318
114317
114316
114315
114314
114313
114312
114311
114310
114309
114308
114307
114306
114305
114304
114303
114302
114301
114300
114299
114298
114297
114296
114295
114294
114293
114292
114291
114290
114289
114288
114287
114286
114285
114284
114283
114282
114281
114280
114279
114278
114277
114276
114275
114274
114273
114272
114271
114270
114269
114268
114267
114266
114265
114264
114263
114262
114261
114260
114259
114258
114257
114256
114255
114254
114253
114252
114251
114250
114249
114248
114247
114246
114245
114244
114243
114242
114241
114240
114239
114238
114237
114236
114235
114234
114233
114232
114231
114230
114229
114228
114227
114226
114225
114224
114223
114222
114221
114220
114219
114218
114217
114216
114215
114214
114213
114212
114211
114210
114209
114208
114207
114206
114205
114204
114203
114202
114201
114200
114199
114198
114197
114196
114195
114194
114193
114192
114191
114190
114189
114188
114187
114186
114185
114184
114183
114182
114181
114180
114179
114178
114177
114176
114175
114174
114173
114172
114171
114170
114169
114168
114167
114166
114165
114164
114163
114162
114161
114160
114159
114158
114157
114156
114155
114154
114153
114152
114151
114150
114149
114148
114147
114146
114145
114144
114143
114142
114141
114140
114139
114138
114137
114136
114135
114134
114133
114132
114131
114130
114129
114128
114127
114126
114125
114124
114123
114122
114121
114120
114119
114118
114113
114110
114049
114048
114047
114046
114045
114044
114043
114042
114041
114040
114039
114038
114037
114036
114035
114034
114033
114032
114031
114030
114029
114028
114027
114026
114025
114024
114023
114022
114021
114020
114019
114018
114017
114016
114015
114014
114013
114012
114011
114010
114009
114008
114007
114006
114005
114004
114003
114002
114001
114000
113999
113998
113997
113996
113995
113994
113993
113992
113991
113977
113976
113975
113974
113973
113972
113971
113970
113969
113968
113967
113966
113965
113883
113882
113881
113880
113879
113878
113877
113876
113875
113874
113873
113872
113871
113870
113869
113868
113867
113866
113865
113864
113863
113862
113861
113860
113859
113858
113857
113856
113855
113854
113853
113852
113851
113850
113849
113848
113847
113846
113845
113844
113843
113842
113841
113840
113839
113838
113837
113836
113834
113833
113832
113831
113830
113829
113828
113827
113826
113825
113824
113823
113822
113821
113820
113819
113818
113817
113816
113815
113814
113813
113812
113811
113810
113809
113808
113807
113806
113805
113804
113803
113800
113799
113797
113796
113795
113794
113793
113792
113791
113790
113789
113788
113787
113786
113785
113784
113783
113782
113781
113780
113779
113778
113777
113776
113773
113772
113771
113770
113769
113768
113767
113766
113765
113764
113763
113762
113761
113760
113759
113758
113757
113756
113755
113754
113753
113752
113751
113750
113749
113748
113747
113746
113745
113744
113743
113742
113741
113740
113739
113738
113737
113736
113735
113734
113733
113732
113731
113730
113729
113728
113727
113726
113725
113724
113723
113722
113721
113720
113718
113717
113716
113715
113714
113713
113712
113711
113709
113708
113707
113706
113705
113704
113703
113702
113701
113700
113699
113698
113697
113696
113695
113694
113693
113692
113691
113690
113689
113688
113687
113686
113685
113684
113683
113682
113681
113680
113679
113678
113677
113676
113675
113674
113673
113672
113671
113669
113668
113667
113666
113665
113664
113663
113662
113661
113660
113659
113658
113652
113649
113647
113646
113638
113636
113635
113634
113633
113632
113631
113630
113629
113628
113627
113626
113625
113624
113623
113622
113621
113620
113615
113614
113613
113612
113611
113610
113609
113608
113607
113606
113605
113604
113603
113602
113601
113600
113599
113598
113597
113596
113595
113594
113593
113592
113591
113590
113589
113588
113587
113586
113585
113584
113583
113582
113581
113580
113579
113578
113577
113576
113575
113574
113573
113572
113571
113570
113569
113568
113567
113566
113565
113564
113563
113562
113561
113560
113559
113558
113557
113556
113555
113554
113553
113552
113550
113549
113548
113547
113546
113545
113544
113543
113542
113541
113540
113539
113538
113537
113536
113535
113534
113533
113532
113531
113530
113529
113528
113527
113526
113525
113524
113523
113522
113521
113520
113519
113518
113517
113516
113514
113513
113512
113511
113510
113509
113508
113507
113506
113505
113504
113501
113500
113499
113498
113497
113496
113495
113494
113493
113492
113491
113490
113489
113488
113487
113486
113485
113484
113483
113482
113481
113480
113479
113478
113477
113475
113474
113473
113472
113471
113470
113469
113468
113467
113466
113465
113464
113463
113462
113461
113460
113459
113458
113457
113456
113455
113454
113453
113452
113451
113450
113449
113448
113447
113446
113445
113444
113443
113442
113441
113440
113439
113438
113437
113436
113435
113434
113433
113432
113431
113430
113429
113428
113427
113426
113425
113424
113423
113422
113421
113420
113419
113418
113417
113416
113415
113414
113413
113412
113411
113410
113409
113407
113406
113405
113404
113403
113402
113401
113400
113399
113398
113397
113396
113395
113394
113393
113392
113391
113390
113389
113388
113386
113385
113384
113383
113382
113381
113380
113379
113378
113377
113376
113375
113374
113373
113372
113371
113370
113369
113368
113367
113366
113365
113364
113363
113362
113361
113360
113016
113015
113014
113013
113012
113011
113010
113009
113008
113007
113006
113005
113004
113003
113002
113001
113000
112999
112998
112997
112996
112995
112994
112993
112992
112991
112990
112989
112988
112987
112986
112985
112984
112983
112982
112981
112980
112979
112978
112977
112975
112967
112966
112965
112964
112963
112962
112961
112960
112959
112958
112957
112956
112955
112954
112952
112951
112950
112947
112946
112945
112944
112943
112942
112941
112940
112939
112938
112937
112936
112935
112934
112933
112932
112931
112930
112929
112928
112927
112925
112923
112921
112920
112919
112918
112917
112916
112915
112914
112913
112912
112911
112910
112909
112908
112907
112906
112905
112904
112903
112902
112901
112900
112899
112898
112897
112896
112895
112894
112891
112890
112887
112885
112882
112879
112877
112876
112875
112874
112873
112872
112871
112870
112869
112868
112867
112866
112865
112864
112863
112862
112861
112860
112859
112858
112857
112856
112855
112854
112853
112852
112851
112850
112849
112848
112847
112846
112845
112844
112843
112842
112841
112840
112839
112838
112837
112836
112835
112834
112833
112832
112831
112830
112829
112828
112827
112826
112825
112824
112823
112822
112821
112820
112819
112818
112817
112816
112815
112814
112813
112812
112811
112810
112809
112808
112807
112806
112805
112804
112803
112802
112801
112800
112799
112798
112797
112796
112795
112794
112793
112792
112791
112790
112789
112788
112787
112786
112785
112642
112641
112640
112639
112638
112637
112636
112635
112634
112633
112632
112631
112630
112629
112628
112627
112626
112625
112624
112623
112622
112621
112620
112619
112618
112617
112616
112615
112614
112613
112612
112611
112610
112609
112608
112607
112606
112605
112604
112603
112602
112601
112600
112599
112598
112597
112596
112595
112594
112593
112592
112591
112590
112589
112588
112587
112586
112585
112584
112583
112582
112581
112580
112579
112578
112577
112576
112575
112574
112573
112572
112571
112570
112569
112568
112567
112566
112565
112564
112563
112562
112561
112560
112559
112558
112557
112556
112555
112554
112553
112552
112551
112550
112549
112548
112547
112546
112545
112544
112543
112542
112541
112540
112539
112538
112537
112536
112535
112534
112533
112532
112531
112530
112529
112528
112527
112526
112525
112524
112523
112522
112521
112520
112519
112518
112517
112516
112515
112514
112513
112512
112511
112510
112509
112508
112507
112506
112505
112504
112503
112502
112500
112404
112403
112402
112401
112400
112399
112398
112397
112396
112395
112394
112393
112392
112391
112390
112389
112388
112387
112386
112385
112384
112383
112382
112381
112380
112379
112378
112377
112376
112375
112374
112373
112372
112371
112370
112369
112368
112367
112366
112365
112364
112363
112362
112361
112360
112359
112358
112357
112356
112355
112354
112353
112352
112351
112350
112349
112348
112347
112346
112345
112344
112343
112342
112341
112340
112339
112338
112337
112336
112335
112334
112333
112332
112331
112330
112329
112328
112327
112326
112325
112324
112323
112322
112321
112320
112319
112318
112317
112316
112315
112314
112313
112312
112311
112310
112148
112147
112146
112144
112142
112140
112139
112138
112137
112136
112135
112134
112133
112132
112131
112130
112129
112128
112127
112126
112125
112124
112123
112122
112121
112120
112119
112118
112117
112116
112115
112114
112113
112112
112111
112110
112109
112108
112107
112106
112105
112104
112103
112102
112101
112100
112099
112098
112097
112096
112095
112094
112093
112092
112091
112090
112089
112088
112087
112086
112085
112084
112083
112082
112081
112080
112079
112078
112076
112074
112071
112070
112069
112068
112067
112066
112065
112064
112063
112062
112061
112060
112059
112058
112057
112056
112055
112054
112053
112052
112051
112050
112049
112040
112039
112038
112037
112036
112035
112034
112033
112032
112031
112030
112029
112028
112027
112026
112025
112024
112023
112022
112021
112020
112019
112018
112017
112015
112014
112013
112012
112011
112010
111951
111950
111949
111948
111947
111946
111945
111944
111943
111942
111941
111940
111939
111938
111937
111936
111935
111934
111933
111932
111931
111930
111929
111928
111927
111926
111925
111924
111923
111922
111921
111920
111919
111918
111917
111916
111915
111914
111913
111912
111911
111910
111909
111908
111907
111906
111905
111904
111903
111902
111901
111900
111899
111898
111897
111896
111895
111894
111893
111892
111891
111890
111889
111888
111887
111886
111885
111884
111883
111882
111881
111880
111879
111878
111877
111876
111875
111874
111873
111872
111871
111870
111869
111868
111867
111866
111865
111864
111863
111862
111861
111860
111859
111858
111857
111856
111855
111854
111853
111852
111851
111850
111849
111848
111847
111846
111845
111844
111843
111842
111841
111840
111839
111838
111837
111836
111835
111834
111833
111832
111831
111830
111829
111828
111827
111826
111825
111824
111823
111822
111821
111820
111819
111818
111817
111816
111815
111814
111809
111808
111807
111806
111805
111804
111803
111802
111801
111800
111799
111798
111797
111796
111795
111794
111793
111791
111790
111789
111788
111787
111785
111784
111783
111782
111781
111780
111779
111778
111777
111776
111775
111774
111773
111772
111771
111770
111769
111768
111767
111766
111765
111764
111763
111762
111761
111760
111759
111758
111757
111756
111755
111754
111753
111752
111751
111750
111749
111748
111747
111746
111745
111744
111743
111742
111741
111740
111739
111738
111737
111736
111735
111734
111733
111732
111731
111730
111729
111728
111727
111726
111725
111724
111723
111722
111721
111720
111719
111718
111715
111711
111710
111709
111708
111707
111706
111705
111704
111703
111702
111701
111700
111699
111698
111697
111696
111638
111618
111617
111616
111615
111614
111613
111612
111611
111610
111609
111608
111607
111606
111605
111604
111603
111602
111601
111600
111599
111598
111597
111596
111595
111594
111593
111592
111591
111590
111589
111588
111587
111586
111585
111584
111583
111582
111581
111580
111579
111578
111577
111576
111575
111574
111573
111572
111571
111570
111569
111568
111567
111566
111565
111564
111563
111562
111561
111560
111559
111558
111557
111556
111555
111554
111553
111552
111551
111550
111549
111548
111547
111546
111545
111544
111543
111542
111541
111540
111539
111538
111537
111536
111535
111534
111533
111532
111524
111523
111522
111521
111520
111519
111518
111508
111507
111504
111503
111501
111500
111499
111498
111497
111496
111495
111494
111493
111492
111491
111490
111489
111488
111487
111486
111485
111484
111482
111481
111480
111479
111478
111477
111476
111475
111474
111473
111472
111471
111470
111469
111468
111467
111466
111464
111463
111462
111461
111460
111459
111458
111457
111456
111455
111454
111453
111452
111451
111450
111449
111448
111447
111446
111445
111444
111443
111442
111441
111440
111439
111438
111437
111436
111435
111434
111433
111432
111431
111430
111429
111428
111427
111426
111425
111424
111423
111422
111421
111420
111419
111418
111417
111416
111415
111414
111413
111412
111411
111410
111409
111408
111407
111406
111405
111404
111403
111402
111401
111400
111399
111398
111397
111396
111395
111394
111393
111392
111391
111390
111389
111388
111387
111386
111385
111384
111383
111381
111380
111379
111378
111377
111376
111375
111374
111373
111372
111371
111370
111369
111368
111367
111366
111365
111364
111363
111362
111361
111360
111359
111358
111357
111356
111355
111354
111353
111352
111351
111350
111349
111348
111346
111345
111344
111343
111342
111341
111340
111339
111337
111336
111335
111334
111333
111332
111331
111330
111329
111328
111321
111316
111314
111312
111305
111304
111303
111302
111301
111300
111299
111296
111295
111294
111293
111292
111291
111290
111289
111287
111286
111285
111284
111283
111282
111281
111278
111274
111273
111271
111269
111265
111262
111251
111250
111249
111248
111247
111246
111244
111242
111241
111238
111237
111236
111235
111234
111231
111230
111228
111227
111226
111225
111222
111221
111220
111219
111216
111215
111214
111213
111212
111211
111210
111209
111208
111207
111206
111205
111204
111203
111202
111201
111200
111199
111198
111197
111196
111195
111194
111193
111192
111191
111190
111189
111188
111187
111186
111185
111184
111183
111182
111181
111180
111179
111178
111177
111176
111175
111174
111173
111172
111171
111170
111169
111168
111165
111164
111163
111162
111161
111160
111159
111158
111157
111156
111155
111154
111153
111152
111151
111150
111149
111148
111147
111146
111145
111144
111143
111142
111141
111140
111139
111138
111137
111136
111135
111134
111133
111132
111131
111130
111129
111128
111127
111126
111125
111124
111123
111122
111121
111120
111119
111118
111117
111115
111114
111113
111112
111071
110765
110764
110763
110762
110761
110760
110759
110758
110757
110756
110755
110754
110753
110752
110751
110750
110749
110748
110747
110746
110745
110744
110743
110742
110741
110740
110739
110738
110737
110736
110735
110734
110733
110732
110731
110730
110729
110728
110727
110726
110725
110724
110723
110722
110721
110720
110719
110718
110717
110716
110715
110714
110713
110712
110711
110710
110709
110708
110707
110706
110705
110704
110703
110702
110701
110700
110699
110698
110697
110696
110695
110694
110693
110692
110691
110690
110689
110688
110687
110686
110685
110684
110683
110682
110681
110680
110679
110678
110677
110676
110675
110674
110673
110672
110671
110670
110669
110668
110667
110666
110665
110664
110663
110662
110661
110660
110659
110658
110657
110656
110655
110654
110653
110652
110651
110650
110649
110648
110647
110646
110645
110644
110643
110642
110641
110640
110639
110638
110637
110636
110635
110634
110633
110632
110631
110630
110629
110628
110627
110626
110625
110624
110623
110622
110621
110620
110619
110618
110617
110616
110615
110614
110613
110612
110611
110610
110609
110608
110607
110606
110605
110604
110603
110602
110601
110600
110599
110598
110597
110596
110595
110594
110593
110592
110591
110590
110589
110588
110587
110586
110585
110584
110583
110582
110581
110580
110579
110578
110577
110576
110575
110574
110573
110572
110571
110570
110569
110568
110567
110566
110565
110564
110563
110562
110561
110560
110559
110558
110557
110556
110555
110554
110553
110552
110551
110550
110549
110548
110547
110546
110545
110544
110543
110542
110541
110540
110539
110538
110537
110536
110535
110534
110533
110532
110531
110530
110529
110528
110527
110526
110525
110524
110523
110522
110521
110520
110519
110518
110517
110516
110515
110514
110513
110512
110511
110510
110509
110508
110507
110506
110505
110504
110503
110502
110501
110500
110499
110498
110497
110496
110495
110494
110493
110492
110491
110490
110489
110488
110487
110486
110485
110484
110483
110482
110481
110480
110479
110478
110477
110476
110475
110474
110473
110472
110471
110470
110469
110468
110467
110466
110465
110464
110463
110462
110461
110460
110459
110458
110457
110456
110455
110454
110453
110452
110451
110450
110449
110448
110447
110446
110445
110444
110443
110442
110441
110440
110439
110438
110437
110436
110435
110434
110433
110432
110431
110430
110429
110428
110427
110426
110425
110424
110423
110422
110421
110420
110419
110418
110417
110416
110415
110414
110413
110412
110411
110410
110409
110408
110407
110406
110405
110404
110403
110402
110401
110400
110399
110398
110397
110396
110395
110394
110393
110392
110391
110390
110389
110388
110387
110386
110385
110384
110383
110382
110381
110380
110379
110378
110377
110376
110375
110374
110373
110372
110371
110370
110369
110368
110367
110366
110365
110364
110363
110362
110361
110360
110359
110358
110357
110356
110355
110354
110353
110352
110351
110350
110349
110348
110347
110346
110345
110344
110343
110342
110341
110340
110339
110338
110337
110336
110335
110334
110333
110332
110331
110330
110329
110328
110327
110326
110325
110324
110323
110322
110321
110320
110319
110318
110317
110316
110315
110314
110313
110312
110311
110310
110309
110308
110307
110306
110305
110304
110303
110302
110301
110300
110299
110298
110297
110296
110295
110294
110293
110292
110291
110290
110289
110288
110287
110286
110285
110284
110283
110282
110281
110280
110279
110278
110276
110275
110274
110273
110272
110271
110270
110269
110268
110267
110266
110265
110264
110263
110262
110261
110260
110259
110258
110257
110256
110255
110254
110253
110252
110251
110250
110249
110248
110247
110246
110245
110244
110243
110242
110241
110240
110235
110234
110229
110228
110227
110226
110225
110224
110223
110222
110221
110220
110219
110218
110217
110216
110215
110214
110213
110212
110211
110210
110209
110208
110207
110206
110205
110204
110203
110202
110201
110200
110199
110198
110197
110196
110195
110194
110193
110192
110191
110190
110189
110188
110187
110186
110185
110184
110183
110182
110181
110180
110179
110178
110177
110176
110175
110174
110173
110172
110171
110170
110169
110168
110167
110166
110165
110164
110163
110162
110161
110160
110159
110158
110157
110156
