21599
21598
21597
21596
21595
21594
21592
21591
21590
21589
21588
21587
21586
21585
21584
21583
21582
21581
21580
21579
21578
21577
21576
21575
21574
21573
21572
21571
21570
21569
21568
21567
21566
21565
21564
21563
21562
21561
21560
21559
21558
21557
21556
21555
21554
21553
21552
21551
21550
21549
21548
21547
21546
21545
21544
21543
21542
21541
21540
21539
21538
21537
21536
21535
21534
21533
21532
21531
21530
21529
21528
21527
21526
21525
21524
21523
21522
21521
21520
21519
21518
21517
21516
21515
21514
21513
21512
21511
21510
21509
21508
21507
21506
21505
21504
21503
21502
21501
21500
21499
21498
21497
21496
21495
21494
21493
21341
21340
21339
21338
21337
21336
21335
21334
21333
21332
21331
21330
21329
21328
21327
21326
21325
21324
21323
21322
21321
21320
21319
21318
21317
21316
21315
21314
21313
21312
21311
21310
21309
21308
21307
21306
21305
21304
21303
21302
21301
21300
21299
21298
21297
21296
21295
21294
21293
21292
21291
21290
21288
21287
21286
21285
21284
21283
21282
21281
21280
21279
21278
21277
21276
21275
21274
21273
21272
21271
21270
21269
21268
21267
21266
21265
21264
21263
21262
21261
21260
21259
21258
21257
21256
21255
21254
21253
21252
21251
21250
21249
21248
21247
21246
21245
21244
21243
21242
21241
21240
21239
21238
21237
21236
21235
21234
21233
21232
21231
21230
21229
21228
21227
21226
21225
21224
21223
21222
21221
21220
21219
21218
21217
21216
21215
21214
21213
21212
21211
21210
21209
21208
21207
21206
21205
21204
21203
21202
21201
21200
21199
21198
21197
21196
21195
21194
21193
21192
21191
21190
21189
20992
20991
20990
20989
20988
20987
20986
20985
20984
20983
20982
20981
20980
20979
20978
20977
20976
20975
20974
20973
20972
20971
20970
20969
20968
20967
20966
20965
20964
20963
20962
20961
20960
20959
20958
20957
20956
20955
20954
20953
20952
20951
20950
20949
20948
20947
20946
20945
20944
20943
20942
20941
20940
20939
20938
20937
20936
20935
20934
20933
20932
20931
20930
20929
20928
20927
20926
20925
20924
20923
20922
20921
20920
20919
20918
20917
20916
20915
20914
20913
20912
20911
20910
20909
20908
20907
20906
20905
20904
20903
20902
20901
20900
20899
20898
20897
20896
20894
20893
20892
20891
20890
20889
20888
20887
20886
20885
20884
20883
20882
20881
20880
20879
20878
20877
20876
20875
20874
20873
20872
20871
20870
20869
20868
20867
20866
20865
20864
20863
20862
20861
20860
20859
20858
20857
20856
20855
20854
20853
20852
20851
20850
20849
20848
20847
20846
20845
20844
20843
20842
20841
20840
20839
20838
20837
20836
20835
20834
20833
20832
20831
20830
20829
20828
20827
20826
20825
20824
20823
20822
20821
20820
20819
20818
20817
20816
20815
20814
20813
20812
20811
20810
20809
20808
20807
20806
20805
20804
20803
20802
20801
20800
20799
20798
20797
20796
20795
20617
20616
20615
20614
20613
20612
20611
20610
20609
20608
20607
20606
20605
20604
20603
20602
20601
20600
20599
20598
20597
20596
20595
20594
20593
20592
20591
20590
20589
20588
20587
20586
20585
20584
20583
20582
20581
20580
20579
20578
20577
20576
20575
20574
20573
20572
20571
20570
20569
20568
20567
20566
20565
20564
20563
20562
20561
20560
20559
20558
20557
20556
20555
20554
20553
20552
20551
20550
20549
20548
20547
20546
20545
20544
20543
20542
20541
20540
20538
20537
20536
20535
20534
20533
20532
20531
20530
20529
20528
20527
20526
20525
20524
20523
20522
20521
20520
20519
20518
20517
20516
20515
20514
20513
20512
20511
20510
20509
20508
20507
20506
20505
20504
20503
20502
20501
20500
20499
20498
20497
20496
20495
20494
20493
20492
20491
20490
20489
20488
20487
20486
20485
20484
20483
20482
20481
20480
20479
20478
20477
20476
20475
20474
20473
20472
20471
20470
20469
20468
20467
20466
20465
20464
20463
20462
20461
20460
20459
20458
20457
20456
20455
20454
20453
20452
20451
20450
20449
20448
20447
20446
20445
20444
20443
20442
20441
20440
20439
20304
20303
20302
20301
20300
20299
20298
20297
20296
20295
20294
20293
20292
20291
20290
20289
20288
20287
20286
20285
20284
20283
20282
20281
20280
20279
20278
20277
20276
20275
20274
20273
20272
20271
20270
20268
20267
20266
20265
20264
20263
20262
20261
20260
20259
20258
20257
20256
20255
20254
20253
20252
20251
20250
20249
20248
20247
20246
20245
20244
20243
20242
20241
20240
20239
20238
20237
20236
20235
20234
20233
20232
20231
20230
20229
20228
20227
20226
20225
20224
20223
20222
20221
20220
20219
20218
20217
20216
20215
20214
20213
20212
20211
20210
20209
20208
20207
20206
20205
20204
20203
20202
20201
20200
20199
20198
20197
20196
20195
20194
20193
20192
20191
20190
20189
20188
20187
20186
20185
20184
20183
20182
20181
20180
20179
20178
20177
20176
20175
20174
20173
20172
20171
20170
20169
20156
20155
20154
20153
20152
20151
20150
20149
20148
20147
20146
20145
20142
20141
20139
20137
20131
20129
20127
20125
20121
20119
20116
20027
19778
19777
19776
19775
19774
19773
19772
19771
19770
19769
19768
19767
19766
19765
19764
19763
19762
19761
19760
19759
19758
19757
19756
19755
19754
19753
19752
19751
19750
19749
19748
19747
19746
19745
19744
19743
19742
19741
19740
19739
19738
19737
19736
19735
19734
19733
19732
19731
19730
19729
19728
19727
19726
19725
19724
19723
19722
19721
19720
19719
19718
19717
19716
19715
19714
19713
19712
19711
19710
19709
19708
19707
19706
19705
19704
19703
19702
19701
19700
19699
19698
19697
19696
19695
19694
19693
19692
19691
19690
19689
19688
19687
19686
19685
19684
19683
19682
19681
19680
19679
19678
19677
19676
19675
19674
19673
19672
19671
19670
19669
19668
19667
19666
19665
19664
19663
19662
19661
19660
19659
19658
19657
19656
19655
19654
19653
19652
19651
19650
19649
19648
19647
19646
19645
19644
19643
19642
19641
19640
19639
19638
19637
19636
19635
19634
19633
19632
19631
19630
19629
19628
19627
19626
19625
19624
19623
19622
19621
19620
19619
19618
19617
19616
19615
19614
19613
19612
19611
19610
19609
19608
19607
19606
19605
19604
19603
19602
19601
19600
19599
19598
19597
19596
19595
19594
19593
19592
19591
19590
19589
19588
19587
19586
19585
19584
19583
19582
19581
19580
19579
19578
19577
19576
19575
19574
19573
19572
19571
19570
19569
19568
19567
19566
19565
19564
19563
19562
19561
19560
19559
19558
19557
19556
19555
19554
19553
19552
19551
19550
19549
19548
19547
19546
19545
19544
19543
19542
19541
19540
19539
19538
19537
19536
19535
19534
19533
19532
19531
19530
19529
19528
19527
19526
19525
19524
19523
19522
19521
19520
19519
19518
19517
19516
19515
19514
19513
19512
19511
19510
19509
19508
19507
19506
19505
19504
19503
19502
19501
19500
19499
19498
19497
19496
19495
19494
19493
19492
19491
19490
19489
19488
19487
19486
19485
19484
19483
19482
19481
19480
19479
19478
19477
19476
19475
19474
19473
19472
19471
19470
19469
19468
19467
19466
19465
19464
19463
19462
19461
19460
19459
19458
19457
19456
19455
19454
19453
19452
19451
19450
19449
19448
19447
19446
19445
19444
19443
19442
19441
19440
19439
19438
19437
19436
19435
19434
19433
19432
19431
19430
19429
19428
19427
19426
19425
19424
19423
19422
19421
19420
19419
19418
19417
19416
19415
19414
19413
19412
19409
19408
19407
19406
19405
19404
19403
19402
19401
19400
19399
19398
19397
19396
19395
19394
19393
19392
19391
19390
19389
19388
19387
19386
19385
19294
19293
19292
19291
19290
19289
19288
19287
19286
19285
19284
19283
19282
19281
19280
19279
19278
19277
19276
19275
19274
19273
19272
19271
19270
19269
19268
19267
19266
19265
19264
19263
19262
19261
19260
19259
19258
19257
19256
19255
19254
19253
19252
19251
19250
19249
19248
19247
19246
19245
19244
19243
19242
19241
19240
19239
19238
19237
19236
19235
19234
19233
19232
19231
19230
19229
19228
19227
18821
18820
18819
18818
18817
18816
18815
18813
18812
18811
18810
18809
18808
18807
18806
18805
18804
18803
18802
18801
18800
18799
18798
18797
18796
18795
18794
18793
18792
18791
18790
18789
18788
18787
18786
18785
18784
18783
18782
18781
18780
18779
18778
18777
18776
18775
18774
18773
18772
18771
18770
18769
18768
18767
18766
18765
18764
18763
18762
18761
18760
18759
18758
18757
18756
18755
18754
18752
18751
18750
18749
18748
18747
18746
18745
18744
18743
18742
18741
18740
18739
18738
18737
18736
18735
18734
18733
18732
18731
18730
18729
18728
18727
18726
18725
18724
18723
18722
18721
18720
18719
18718
18717
18716
18715
18714
18713
18712
18711
18710
18709
18708
18707
18706
18705
18704
18703
18702
18701
18700
18699
18698
18697
18696
18695
18694
18693
18692
18691
18690
18689
18688
18687
18686
18685
18684
18683
18682
18681
18680
18679
18678
18677
18676
18675
18674
18673
18672
18671
18670
18669
18668
18667
18666
18665
18664
18663
18662
18661
18660
18659
18658
18657
18656
18655
18654
18653
18488
18487
18486
18485
18484
18483
18482
18481
18480
18479
18478
18477
18476
18475
18474
18473
18472
18471
18470
18469
18468
18467
18466
18465
18464
18463
18462
18461
18460
18459
18458
18457
18456
18455
18454
18453
18452
18451
18450
18449
18448
18447
18446
18445
18444
18443
18442
18441
18440
18439
18438
18437
18436
18435
18434
18433
18432
18431
18430
18429
18428
18427
18426
18425
18424
18423
18422
18421
18420
18419
18418
18417
18416
18415
18414
18413
18412
18411
18410
18409
18408
18394
18387
18306
18305
18304
18303
18302
18301
18300
18299
18298
18297
18296
18295
18294
18293
18292
18291
18290
18289
18288
18287
18286
18285
18284
18283
18281
18280
18279
18278
18277
18276
18275
18274
18273
18272
18271
18270
18269
18268
18267
18265
18257
18256
18255
18254
18253
18252
18212
18211
18210
18209
18208
18207
18206
18205
18204
18203
18202
18201
18200
18199
18198
18197
18196
18195
18194
18193
18192
18191
18190
168586
168584
168551
168420
168419
168418
168417
168415
168414
168398
168395
168080
168079
168078
168077
168076
168075
168074
168073
168072
168071
168070
168069
168068
168067
168066
168065
168064
168063
168062
168061
168060
168059
168058
168057
168056
168055
168054
168053
168052
168051
168050
168049
168048
168047
168046
168045
168044
168043
168042
168041
168040
168039
168038
168037
168036
168035
168034
168033
168032
168031
168030
168029
168028
168027
168026
168025
168024
168023
168022
168021
168020
168019
168018
168017
168016
168015
168014
168013
168012
168011
168010
168009
168008
168007
168006
168005
168004
168003
168002
168001
168000
167999
167998
167997
167996
167995
167994
167993
167992
167991
167990
167989
167988
167987
167986
167985
167984
167983
167982
167981
167980
167979
167978
167977
167976
167975
167974
167973
167972
167971
167970
167969
167968
167967
167966
167965
167964
167963
167962
167961
167960
167959
167958
167957
167956
167955
167954
167953
167952
167951
167950
167949
167948
167947
167946
167945
167944
167943
167942
167941
167940
167939
167938
167937
167936
167935
167934
167933
167932
167931
167930
167929
167928
167927
167926
167925
167924
167923
167922
167921
167920
167919
167918
167917
167916
167915
167914
167913
167912
167910
167909
167908
167907
167906
167905
167904
167903
167902
167901
167900
167899
167898
167897
167895
167894
167893
167892
167891
167890
167889
167888
167887
167886
167885
167884
167883
167882
167881
167880
167879
167878
167877
167876
167875
167874
167873
167872
167871
167870
167869
167868
167867
167866
167865
167864
167863
167862
167861
167860
167859
167858
167857
167856
167855
167854
167853
167852
167851
167850
167849
167848
167847
167846
167845
167844
167843
167842
167841
167840
167839
167838
167837
167836
167835
167834
167833
167832
167831
167830
167829
167828
167827
167826
167825
167824
167823
167822
167821
167820
167819
167818
167817
167816
167815
167814
167813
167812
167811
167810
167809
167808
167807
167806
167805
167804
167803
167802
167801
167800
167799
167798
167797
167796
167795
167794
167793
167792
167791
167790
167789
167788
167787
167786
167785
167784
167783
167782
167781
167780
167779
167778
167777
167776
167775
167774
167773
167772
167771
167770
167769
167768
167767
167766
167765
167764
167763
167762
167761
167760
167759
167758
167757
167756
167754
167753
167751
167750
167749
167748
167747
167746
167745
167744
167743
167742
167741
167740
167739
167738
167737
167736
167735
167734
167733
167732
167731
167730
167729
167728
167727
167726
167725
167724
167723
167722
167721
167720
167719
167718
167717
167716
167715
167714
167713
167712
167711
167710
167709
167708
167707
167706
167705
167704
167703
167702
167701
167700
167699
167698
167697
167696
167695
167694
167693
167692
167691
167690
167689
167688
167687
167686
167685
167684
167683
167682
167681
167680
167679
167678
166873
166872
166871
166870
166869
166868
166867
166866
166865
166864
166863
166862
166861
166860
166859
166858
166857
166856
166855
166854
166853
166852
166851
166850
166849
166848
166847
166846
166845
166844
166843
166842
166841
166840
166839
166838
166837
166836
166835
166834
166833
166832
166831
166830
166829
166828
166827
166826
166825
166824
166823
166822
166821
166820
166819
166818
166817
166816
166815
166814
166813
166812
166811
166810
166809
166808
166807
166806
166805
166804
166803
166802
166801
166800
166799
166798
166797
166796
166795
166794
166793
166792
166791
166790
166789
166788
166787
166786
166785
166784
166783
166782
166781
166780
166779
166778
166777
166776
166775
166774
166773
166772
166771
166770
166769
166768
166767
166766
166765
166764
166763
166762
166761
166760
166759
166758
166757
166756
166755
166754
166753
166752
166751
166750
166749
166748
166747
166746
166745
166744
166743
166742
166741
166740
166739
166738
166737
166736
166735
166734
166733
166732
166731
166730
166729
166728
166727
166726
166725
166724
166723
166722
166721
166720
166719
166718
166717
166716
166715
166714
166713
166712
166711
166710
166709
166708
166707
166706
166705
166704
166703
166702
166701
166700
166699
166698
166697
166696
166695
166694
166693
166692
166691
166690
166689
166688
166687
166686
166685
166684
166683
166682
166681
166680
166679
166678
166677
166676
166675
166674
166673
166672
166671
166670
166669
166668
166667
166666
166665
166664
166663
166662
166661
166660
166659
166658
166657
166656
166655
164821
164819
164818
164817
164802
164801
164800
164799
164798
164797
164796
164795
164794
164749
164747
164746
164745
164744
164743
164741
164740
164739
164738
164736
164735
164734
164733
164730
164729
164728
164727
164726
164660
164659
164651
164644
164625
164621
164617
164616
164614
164613
164526
164468
164467
164465
164464
164462
164461
164460
164459
164455
164454
164453
164025
164024
164023
164022
164021
164020
164019
164018
164017
164016
164015
164014
164013
164012
164011
164010
164009
164008
164007
164006
164005
164004
164003
164002
164001
164000
163999
163998
163997
163996
163995
163994
163993
163992
163991
163990
163989
163988
163987
163986
163985
163984
163983
163982
163981
163980
163979
163978
163977
163976
163975
163974
163973
163972
163971
163970
163969
163968
163967
163966
163965
163964
163963
163962
163961
163960
163959
163958
163957
163956
163955
163954
163953
163952
163951
163950
163949
163948
163947
163946
163945
163944
163943
163942
163941
163940
163939
163938
163937
163936
163935
163934
163933
163932
163931
163930
163929
163928
163927
163926
163925
163924
163923
163922
163921
163920
163919
163918
163917
163916
163915
163914
163913
163912
163911
163910
163909
163908
163907
163906
163905
163904
163903
163902
163901
163900
163899
163898
163897
163896
163895
163894
163893
163892
163891
163890
163889
163888
163887
163886
163885
163884
163883
163882
163881
163880
163879
163878
163877
163876
163875
163874
163873
163872
163871
163870
163869
163868
163867
163866
163865
163864
163863
163862
163861
163860
163859
163858
163857
163856
163855
163854
163853
163852
163851
163850
163849
163848
163847
163846
163845
163844
163843
163842
163841
163840
163839
163838
163837
163836
163835
163834
163833
163832
163831
163830
163829
163828
163827
163826
163825
163824
163823
163822
163821
163820
163819
163818
163817
163816
163815
163814
163813
163812
163811
163810
163809
163808
163807
163806
163805
163804
163803
163802
163801
163800
163799
163798
163797
163796
163795
163794
163793
163792
163791
163790
163789
163788
163787
163786
163785
163784
163783
163782
163781
163780
163779
163778
163777
163776
163775
163774
163773
163772
163771
163770
163769
163768
163767
163766
163765
163764
163763
163762
163761
163760
163759
163758
163757
163756
163755
163754
163753
163752
163751
163750
163749
163748
163747
163746
163745
163744
163743
163742
163741
163740
163739
163738
163737
163736
163735
163734
163733
163732
163731
163730
163729
163728
163727
163726
163725
163724
163723
163722
163721
163720
163719
163718
163717
163716
163715
163714
163713
163712
163711
163710
163709
163708
163707
163706
163705
163704
163703
163702
163701
163700
163699
163698
163697
163696
163695
163694
163693
163692
163691
163688
163687
163686
163685
163684
163683
163682
163681
163680
163679
163678
163677
163676
163675
163674
163673
163672
163671
163670
163669
163668
163667
163666
163665
163664
163663
163662
163661
163660
163659
163658
163657
163656
163655
163654
163653
163652
163651
163650
163649
163648
163647
163646
163645
163644
163643
163642
163641
163640
163639
163638
163637
163636
163635
163634
163633
163632
163631
163630
163629
163628
163627
163626
163625
163624
163623
163622
163621
163620
163619
163618
163617
163616
163615
163614
163613
163612
163611
163610
163609
163608
163607
163606
163605
163604
163603
163602
163601
163600
163599
163598
163597
163596
163595
163594
163593
163592
163591
163590
163589
163588
163587
163586
163585
163584
163583
163582
163581
163580
163579
163578
163577
163576
163575
163574
163573
163572
163571
163570
163569
163568
163567
163566
163565
163564
163563
163562
163561
163560
163559
163558
163557
163556
163555
163554
163553
163552
163551
163550
163549
163548
163547
163546
163545
163544
163543
163542
163541
163540
163539
163538
163537
163536
163535
163534
163533
163532
163531
163530
163529
163528
163527
163526
163525
163524
163521
163520
163519
163518
163517
163516
163515
163514
163513
163512
163511
163510
163509
163508
163507
163506
163505
163504
163503
163502
163501
163500
163499
163498
163497
163496
163495
163494
163493
163492
163491
163490
163489
163488
163487
163486
163485
163484
163483
163482
163481
163480
163479
163478
163477
163476
163475
163474
163473
163472
163471
163470
163469
163468
163467
163466
163465
163464
163463
163462
163461
163460
163459
163458
163457
163456
163455
163454
163453
163452
163451
163450
163449
163448
163447
163446
163445
163444
163443
163442
163441
163440
163439
163438
163437
163436
163435
163434
163433
163432
163431
163430
163429
163428
163427
163426
163425
163424
163423
163422
163421
163420
163419
163418
163417
163416
163415
163414
163413
163412
163411
163410
163409
163408
163407
163406
163405
163404
163403
163402
163401
163400
163399
163398
163397
163396
163395
163394
163393
163392
163391
163390
163389
163388
163387
163386
163385
163384
163383
163382
163381
163380
163379
163378
163377
163376
163375
163374
163373
163372
163371
163370
163369
163368
163367
163366
163365
163364
163363
163362
163361
163360
163359
163358
163357
163356
163355
163354
163353
163352
163351
163350
163349
163348
163347
163346
163345
163344
163343
163342
163341
163340
163339
163338
163337
163336
163335
163334
163333
163332
163331
163330
163329
163328
163327
163326
163325
163324
163323
163322
163321
163320
163319
163318
163317
163316
163315
163314
163313
163312
163311
163310
163309
163308
163307
163306
163305
163304
163303
163302
163301
163300
163299
163298
163297
163296
163295
163294
163293
163292
163291
163290
163289
163288
163287
163286
163285
163284
163283
163282
163281
163280
163279
163278
163277
163276
