150429
150424
150423
150420
150417
150415
150413
150411
150409
150403
150401
150399
150397
150395
150393
150391
150389
150383
150380
150378
150376
150374
150372
150370
150368
150366
150364
150362
150338
150336
150334
150332
150330
150328
150326
150324
150322
150320
150318
150316
150314
150312
150309
150307
150305
150303
150301
150299
150297
150293
150291
150289
150287
150285
150283
150281
150279
150277
150275
150273
150271
150040
149962
149960
149959
149909
149728
149727
149717
149707
149706
149367
149346
149283
149280
149278
149276
149274
149269
149265
149193
149192
149187
148670
148669
148668
148667
148666
148665
148664
148662
148661
148660
148659
148658
148657
148656
148655
148654
148653
148652
148651
148650
148649
148648
148647
148646
148645
148644
148643
148642
148641
148640
148639
148638
148637
148636
148635
148634
148633
148632
148631
148630
148629
148628
148627
148626
148625
148624
148623
148622
148621
148620
148619
148618
148617
148616
148615
148614
148613
148612
148611
148610
148609
148608
148607
148606
148605
148604
148603
148602
148601
148600
148599
148598
148597
148596
148595
148594
148593
148592
148591
148590
148589
148588
148587
148586
148585
148584
148583
148582
148581
148580
148579
148578
148577
148576
148575
148574
148573
148572
148571
148570
148569
148568
148567
148566
148565
148564
148563
148562
148561
148560
148559
148558
148557
148556
148555
148554
148553
148552
148551
148550
148549
148548
148547
148546
148545
148544
148543
148542
148541
148540
148539
148538
148537
148536
148535
148534
148533
148532
148531
148530
148529
148528
148527
148526
148525
148524
148523
148522
148521
148520
148519
148518
148517
148516
148515
148514
148513
148512
148511
148510
148509
148508
148507
148506
148505
148504
148503
148502
148501
148500
148499
148498
148497
148496
148495
148494
148493
148492
148491
148490
148489
148488
148487
148486
148485
148484
148483
148482
148481
148480
148479
148478
148477
148476
148475
148474
148473
148472
148471
148470
148469
148468
148467
148466
148465
148464
148463
148462
148461
148460
148459
148458
148457
148456
148455
148454
148453
148452
148451
148450
148449
148448
148447
148446
148445
148444
148443
148442
148441
148440
148439
148438
148437
148436
148435
148434
148433
148432
148431
148430
148429
148428
148427
148426
148425
148424
148423
148422
148421
148420
148419
148418
148417
148416
148415
148414
148413
148412
148411
148410
148409
148408
148407
148406
148405
148404
148403
148402
148401
148400
148399
148398
148397
148396
148395
148394
148393
148392
148391
148390
148389
148388
148387
148386
148385
148384
148383
148382
148381
148380
148379
148378
148377
148376
148375
148374
148373
148372
148371
148370
148369
148368
148367
148366
148365
148364
148363
148362
148361
148360
148359
148358
148357
148356
148355
148354
148353
148352
148351
148350
148349
148348
148347
148346
148345
148344
148343
148342
148341
148340
148339
148338
148337
148336
148335
148334
148333
148332
148331
148330
148329
148328
148327
148326
148325
148324
148323
148322
148321
148320
148319
148318
148317
148316
148315
148314
148313
148312
148311
148310
148309
148308
148307
148306
148305
148304
148303
148302
148301
148300
148299
148298
148297
148296
148295
148294
148293
148292
148291
148290
148289
148288
148287
148286
148285
148284
148283
148282
148281
148280
148279
148278
148277
148276
148275
148274
148273
148272
148271
148270
148269
148268
148267
148266
148265
148264
148263
148262
148261
148260
148259
148258
148257
148256
148255
148254
148253
148252
148251
148250
148249
148248
148247
148246
148245
148244
148243
148242
148241
148240
148239
148238
148237
148192
147961
147960
147959
147958
147894
147893
147892
147819
147818
147817
147816
147815
147814
147813
147812
147811
147810
147809
147808
147807
147806
147805
147804
147803
147802
147801
147800
147798
147797
147796
147783
147782
147781
147780
147779
147778
147777
147774
147772
147770
147768
147766
147764
147762
147760
147758
147757
147755
147753
147751
147749
147747
147745
147743
147741
147739
147737
147735
147733
147731
147729
147727
147725
147723
147721
147719
147717
147715
147713
147711
147709
147707
147705
147703
147701
147699
147697
147695
147693
147691
147687
147589
147518
147442
147441
147440
147438
147436
147434
147433
147432
147431
147430
147093
147092
147091
147090
147089
147088
147087
147086
147085
147084
147083
147082
147081
147080
147079
147078
147077
147076
147075
147074
147073
147072
147071
147070
147069
147068
147067
147066
147065
147064
147063
147062
147061
147060
147059
147058
147057
147056
147055
147054
147053
147052
147051
147050
147049
147048
147047
147046
147045
147044
147043
147042
147041
147040
147039
147038
147037
147036
147035
147034
147033
147032
147031
147030
147029
147028
147027
147026
147025
147024
147023
147022
147021
147020
147019
147018
147017
147016
147015
147014
147013
147012
147011
147010
147009
147008
147007
147006
147005
147004
147003
147002
147001
147000
146999
146998
146997
146996
146995
146994
146993
146992
146991
146990
146989
146988
146987
146986
146985
146984
146983
146982
146981
146980
146979
146978
146977
146976
146975
146974
146973
146972
146971
146970
146969
146968
146967
146966
146965
146964
146963
146962
146961
146960
146959
146958
146957
146956
146955
146954
146953
146952
146951
146950
146949
146948
146947
146946
146945
146944
146943
146942
146941
146940
146939
146938
146937
146936
146935
146934
146933
146932
146931
146930
146929
146928
146927
146926
146925
146924
146923
146922
146921
146920
146919
146918
146917
146916
146915
146914
146913
146912
146911
146910
146909
146908
146907
146906
146905
146904
146903
146902
146901
146900
146899
146898
146897
146896
146895
146894
146893
146892
146891
146890
146889
146888
146887
146886
146885
146884
146883
146882
146881
146880
146879
146878
146877
146876
146875
146874
146873
146872
146871
146870
146869
146868
146867
146866
146865
146864
146863
146862
146861
146860
146859
146858
146857
146856
146855
146854
146853
146852
146851
146850
146849
146848
146847
146846
146845
146844
146843
146842
146841
146840
146839
146838
146837
146836
146835
146834
146833
146832
146831
146830
146829
146828
146827
146826
146825
146824
146823
146822
146821
146820
146819
146818
146817
146816
146815
146814
146813
146812
146811
146810
146809
146808
146807
146806
146805
146804
146803
146802
146801
146800
146799
146798
146797
146796
146795
146794
146793
146792
146791
146790
146789
146788
146787
146786
146785
146784
146783
146782
146781
146780
146779
146778
146777
146776
146775
146774
146773
146772
146771
146770
146769
146768
146767
146766
146765
146764
146763
146762
146761
146760
146759
146758
146757
146756
146755
146754
146753
146752
146751
146750
146749
146748
146747
146645
146639
146638
146637
146636
146634
146588
146587
146586
146584
146583
146582
146573
146569
146568
146567
146566
146565
146564
146563
146562
146561
146560
146559
146558
146557
146556
146440
146437
146421
146184
145696
145695
145694
145693
145692
145691
145690
145689
145688
145687
145686
145685
145684
145683
145682
145681
145680
145679
145678
145677
145676
145675
145674
145673
145672
145671
145670
145669
145668
145667
145666
145665
145664
145663
145662
145661
145660
145659
145658
145657
145656
145655
145654
145653
145652
145651
145650
145649
145648
145647
145646
145645
145644
145643
145642
145641
145640
145639
145638
145637
145636
145635
145634
145633
145632
145631
145630
145629
145628
145627
145626
145625
145624
145623
145622
145621
145620
145619
145618
145617
145616
145615
145614
145613
145612
145611
145610
145609
145608
145607
145606
145605
145604
145603
145602
145601
145600
145599
145598
145597
145596
145595
145594
145593
145592
145591
145590
145589
145588
145587
145586
145585
145584
145583
145582
145581
145580
145579
145578
145577
145576
145575
145574
145573
145572
145571
145570
145569
145568
145567
145566
145565
145564
145563
145562
145561
145560
145559
145558
145557
145556
145555
145554
145553
145552
145551
145550
145549
145548
145547
145546
145545
145544
145543
145542
145541
145540
145539
145538
145537
145536
145535
145534
145533
145532
145531
145530
145529
145528
145527
145526
145525
145524
145523
145522
145521
145520
145519
145518
145517
145516
145515
145514
145513
145512
145511
145510
145509
145508
145507
145506
145505
145504
145503
145502
145501
145500
145499
145498
145497
145496
145495
145494
145493
145492
145491
145490
145489
145488
145487
145486
145485
145484
145483
145482
145481
145480
145479
145478
145477
145476
145475
145474
145473
145472
145471
145470
145469
145468
145467
145466
145465
145464
145463
145462
145461
145460
145459
145458
145457
145456
145455
145454
145453
145452
145451
145450
145449
145448
145447
145446
145445
145444
145443
145442
145441
145440
145439
145438
145437
145436
145435
145434
145433
145432
145431
145430
145429
145428
145427
145426
145425
145424
145423
145422
145421
145420
145419
145418
145417
145416
145415
145414
145413
145412
145411
145410
145409
145408
145407
145406
145405
145404
145403
145402
145401
145400
145399
145398
145397
145396
145395
145394
145393
145392
145391
145390
145389
145388
145387
145386
145385
145384
145383
145382
145381
145380
145379
145378
145377
145376
145375
145374
145373
145372
145371
145370
145369
145368
145367
145366
145365
145364
145363
145362
145361
145360
145359
145358
145357
145356
145355
145354
145353
145352
145351
145350
145349
145348
145347
145346
145345
145344
145343
145342
145341
145340
145339
145338
145337
145336
145335
145334
145333
145332
145331
145330
145329
145328
145327
145326
145325
145324
145323
145322
145321
145320
145319
145318
145317
145316
145315
145314
145313
145312
145311
145310
145309
145308
145307
145306
145305
145304
145303
145302
145301
145300
145299
145298
145297
145296
145295
145294
145293
145292
145291
145290
145289
145288
145287
145286
145285
145284
145283
145282
145281
145280
145279
145278
145277
145276
145275
145274
145273
145272
145271
145270
145269
145268
145267
145266
145265
145264
145263
145262
145261
145260
145259
145258
145257
145256
145255
145254
145253
145252
145241
145240
145239
145234
145233
145232
145231
145230
145164
145163
145162
145160
145158
145154
145153
145114
145005
144953
144952
144951
144700
144699
144698
144684
144682
144018
144017
144016
144015
144014
144013
144012
144011
144010
144009
144008
144007
144006
144005
144004
144003
144002
144001
144000
143999
143998
143997
143996
143995
143994
143993
143992
143991
143990
143989
143988
143987
143986
143985
143984
143983
143982
143981
143980
143979
143978
143977
143976
143975
143974
143973
143972
143971
143970
143969
143968
143967
143966
143965
143964
143963
143962
143961
143960
143959
143958
143957
143956
143955
143954
143953
143952
143951
143950
143949
143948
143947
143946
143945
143944
143943
143942
143941
143940
143939
143938
143937
143936
143935
143934
143933
143932
143931
143930
143929
143928
143927
143926
143925
143924
143923
143922
143921
143920
143919
143918
143917
143916
143915
143914
143913
143912
143911
143910
143909
143908
143907
143906
143905
143904
143903
143902
143901
143900
143899
143898
143897
143896
143895
143894
143893
143892
143891
143890
143889
143888
143887
143886
143885
143884
143883
143882
143881
143880
143879
143878
143877
143876
143875
143874
143873
143872
143871
143870
143869
143868
143867
143866
143865
143864
143863
143862
143861
143860
143859
143858
143857
143856
143855
143854
143853
143852
143851
143850
143849
143848
143847
143846
143845
143844
143843
143842
143841
143840
143839
143838
143837
143836
143835
143834
143833
143832
143831
143830
143829
143828
143827
143826
143825
143824
143823
143822
143821
143820
143819
143818
143817
143816
143815
143814
143813
143812
143811
143810
143809
143808
143807
143806
143805
143804
143803
143802
143801
143800
143799
143798
143797
143796
143795
143794
143793
143792
143791
143790
143789
143788
143787
143786
143785
143784
143783
143782
143781
143780
143779
143778
143777
143776
143775
143774
143773
143772
143771
143770
143769
143768
143767
143766
143765
143764
143763
143762
143761
143760
143759
143758
143757
143756
143755
143754
143753
143752
143751
143750
143749
143748
143747
143746
143745
143744
143743
143742
143741
143740
143739
143738
143737
143736
143735
143734
143733
143732
143731
143730
143729
143728
143727
143726
143725
143724
143723
143722
143721
143720
143719
143718
143717
143716
143715
143714
143713
143712
143711
143710
143709
143708
143707
143706
143705
143704
143703
143702
143701
143700
143699
143698
143697
143696
143695
143694
143693
143692
143691
143690
143689
143688
143687
143686
143685
143684
143683
143682
143681
143680
143679
143678
143677
143676
143675
143674
143673
143672
143671
143670
143669
143668
143667
143666
143665
143664
143663
143662
143661
143660
143659
143658
143657
143656
143655
143654
143653
143652
143651
143650
143649
143648
143647
143646
143645
143644
143643
143642
143641
143640
143639
143638
143637
143636
143635
143634
143633
143632
143631
143630
143629
143628
143627
143626
143625
143624
143623
143622
143621
143620
143619
143618
143617
143616
143615
143614
143613
143612
143611
143610
143609
143608
143607
143606
143605
143604
143603
143602
143601
143600
143599
143598
143597
143596
143595
143594
143593
143592
143591
143590
143589
143588
143587
143586
143585
143584
143583
143582
143581
143580
143579
143578
143577
143576
143575
143574
143573
143572
143571
143570
143569
143568
143567
143566
143565
143564
143563
143562
143561
143560
143559
143558
143403
143400
143389
143370
143368
143367
143199
143196
143194
143192
143181
143168
143106
143020
142953
142950
142946
142944
142942
142940
142938
142912
142910
142908
142906
142901
142898
142895
142893
142891
142885
142883
142881
142879
142877
142875
142873
142871
142869
142867
142864
142862
142860
142858
142856
142854
142852
142850
142848
142845
142843
142841
142839
142837
142835
142833
142831
142829
142827
142821
142819
142816
142814
142812
142810
142808
142806
142804
142802
142800
142798
142795
142791
142788
142785
142782
142779
142775
142770
142767
142765
142758
142756
142754
142752
142749
142743
142734
142732
142730
142728
142725
142721
142717
142715
142711
142709
142707
142705
142703
142701
142699
142697
142695
142693
142691
142689
142687
142685
142683
142681
142679
142677
142675
142673
142671
142669
142667
142647
142640
142638
142636
142632
142629
142627
142626
142624
142622
142620
142618
142616
142614
142608
142606
142604
142602
142600
142598
142597
142596
142594
142593
142592
142591
142590
142589
142586
142585
142582
142581
142579
142576
142574
142573
142571
142568
142566
142562
142561
142559
142557
142555
142554
142553
142552
142551
142550
142549
142548
142546
142544
142542
142540
142538
142535
142531
142526
142513
142509
142507
142505
142503
142502
142500
142497
142493
142489
142488
142483
142481
142480
142479
142477
142472
142469
142467
142458
142454
142452
142449
142446
142443
142441
142440
142438
142432
142428
142425
142418
142417
142414
142407
142404
142400
142396
142392
142388
142386
142385
142382
142381
142378
142374
142373
142369
142368
142364
142361
142359
142357
142353
142351
142345
142339
142337
142335
142333
142331
142329
142327
142325
142322
142321
142319
142318
142316
142314
142312
142310
142307
142305
142304
142299
142297
142293
142289
142287
142283
142281
142279
142277
142275
142273
142271
142269
142267
142265
142262
142261
142258
142256
142254
142252
142251
142248
142247
142244
142243
142240
142239
142236
142233
142231
142229
142227
142225
142223
142221
142219
142217
142215
142213
142211
142209
142207
142205
142203
142201
142199
142197
142195
142193
142191
142189
142187
142185
142183
142181
142179
142177
142175
142173
142171
142169
142167
142165
142163
142161
142159
142157
142155
142153
142151
142149
142147
142145
142143
142141
142139
142137
142135
142133
142131
142129
142127
142125
142123
142121
142119
142117
142115
142113
142111
142109
142107
142105
142103
142099
142097
142095
142093
142091
142089
142087
142085
142083
142081
142079
142077
142075
142073
142071
142069
142067
142065
142063
142061
142059
142056
142054
142053
142050
142049
142046
142045
142043
142042
142039
142037
142036
142034
142032
142030
142028
142026
142024
142021
142019
142018
142014
142012
142011
142008
142006
142004
142002
141999
141998
141995
141994
141992
141990
141987
141985
141984
141982
141979
141978
141975
141973
141972
141970
141968
141966
141964
141962
141960
141957
141955
141954
141951
141949
141947
141945
141943
141941
141939
141937
141935
141933
141931
141928
141926
141921
141919
141917
141915
141913
141911
141909
141907
141905
141899
141898
141897
141896
141895
141893
141891
141889
141886
141884
141882
141879
141877
141836
141834
141832
141830
141828
141826
141824
141822
141820
141818
141817
141812
141810
141807
141805
141802
141800
141798
141796
141794
141792
141790
141788
141786
141784
141782
141780
141778
141776
141774
141772
141770
141768
141610
141609
141608
141607
141606
141605
141604
141603
141602
141601
141600
141599
141598
141597
141596
141595
141594
141593
141592
141591
141590
141589
141588
141587
141586
141585
141584
141583
141582
141581
141580
141579
141578
141577
141576
141575
141574
141573
141572
141571
141570
141569
141568
141567
141566
141565
141564
141563
141562
141561
141560
141559
141558
141557
141556
141555
141554
141553
141552
141551
141550
141549
141548
141547
141546
141545
141544
141543
141542
141541
141540
141539
141538
141537
141536
141535
141534
141533
141532
141531
141530
141529
141528
141527
141526
141525
141524
141523
141522
141521
141520
141519
141518
141517
141516
141515
141514
141513
141512
141511
141510
141509
141508
141507
141506
141505
141504
141503
141502
141501
141500
141499
141498
141497
141496
141495
141494
141493
141492
141491
141490
141489
141488
141487
141486
141485
141484
141483
141482
141481
141480
141479
141478
141477
141476
141475
141474
141473
141472
141471
141470
141469
141468
141467
141466
141465
141464
141463
141462
141461
141460
141459
141458
141457
141456
141455
141454
141453
141452
141451
141450
141449
141448
141447
141446
141445
141444
141443
141442
141441
141440
141439
141438
141437
141436
141435
141434
141433
141432
141431
141430
141429
141428
141427
141426
141425
141424
141423
141422
141421
141420
141419
141418
141417
141416
141415
141414
141413
141412
141411
141410
141409
141408
141407
141406
141405
141404
141403
141402
141401
141400
141399
141398
141397
141396
141395
141394
141393
141392
141391
141390
141389
141388
141387
141386
141385
141384
141383
141382
141381
141380
141379
141378
141377
141376
141375
141374
141373
141372
141371
141370
141369
141368
141367
141366
141365
141364
141363
141362
141361
141360
141359
141358
141357
141356
141355
141354
141353
141352
141351
141350
141349
141348
141347
141346
141345
141344
141343
141342
141341
141340
141339
141338
141337
141336
141335
141334
141333
141332
141331
141330
141329
141328
141327
141326
141325
141324
141323
141322
141321
141320
141319
141318
141317
141316
141315
141314
141313
141312
141311
141310
141309
141308
141307
141306
141305
141304
141303
141302
141301
141300
141299
141298
141297
141296
141295
141294
141293
141292
141291
141290
141289
141288
141287
141286
141285
141284
141283
141282
141281
141280
141279
141278
141277
141276
141275
141274
141273
141272
141271
141270
141269
141268
141267
141266
141265
141264
141263
141262
141261
141260
141259
141258
141257
141256
141255
141254
141253
141252
141251
141250
141249
141248
141247
141243
141241
141239
141237
141235
141233
141231
141229
141227
141225
141223
141221
141219
141217
141213
141211
141209
141207
141205
141203
141201
141183
141181
141179
141177
141175
141174
141172
141170
141168
141166
141164
141161
141159
141158
140826
140824
140822
140820
140818
140816
140814
140812
140810
140808
140806
140801
140799
140797
140795
140793
140790
140787
140786
140784
140782
140780
140778
140750
140748
140746
140744
140742
140740
140737
140735
140733
140731
140729
140727
140725
140722
140719
140717
140715
140712
140710
140708
140701
140698
140693
140691
140689
140687
140685
140683
140681
140678
140676
140674
140672
140670
140664
140662
140660
140658
140656
140654
140648
140646
140644
140642
140640
140638
140624
140622
140620
140618
140616
140614
140609
140607
140605
140603
140555
140553
140551
140549
140546
140534
140532
140530
140528
140526
140524
140522
140520
140518
140516
140514
140510
140508
140506
140504
140501
140499
140497
140495
140493
140491
140489
140487
140484
140481
140467
140464
140462
140453
140451
140449
140446
140443
140441
140438
140436
140434
140432
140430
140427
140422
140420
140416
140410
140408
140405
139923
139922
139921
139920
139919
139918
139917
139916
139915
139914
139913
139912
139911
139910
139909
139908
139907
139906
139905
139904
139903
139902
139901
139900
139899
139898
139897
139896
139895
139894
139893
139892
139891
139890
139889
139888
139887
139886
139885
139884
139883
139882
139881
139880
139879
139878
139877
139876
139875
139874
139873
139872
139871
139870
139869
139868
139867
139866
139865
139864
139863
139862
139861
139860
