74681
74680
74679
74678
74677
74676
74675
74674
74673
74672
74671
74670
74669
74668
74667
74666
74665
74664
74663
74662
74661
74660
74659
74658
74657
74656
74655
74654
74653
74652
74651
74650
74649
74648
74647
74646
74645
74644
74643
74642
74641
74640
74639
74638
74637
74636
74635
74634
74633
74632
74631
74630
74629
74628
74627
74626
74625
74624
74623
74622
74621
74620
74619
74618
74617
74616
74615
74614
74613
74612
74611
74610
74609
74608
74607
74606
74605
74604
74603
74602
74601
74600
74599
74598
74597
74596
74595
74594
74593
74592
74591
74590
74589
74588
74587
74586
74585
74584
74583
74582
74581
74580
74579
74578
74577
74576
74575
74574
74573
74572
74571
74570
74569
74568
74567
74566
74565
74564
74563
74562
74561
74560
74559
74558
74557
74556
74555
74554
74553
74552
74551
74550
74549
74548
74547
74546
74545
74544
74543
74542
74541
74540
74539
74538
74537
74536
74535
74534
74533
74532
74531
74530
74529
74528
74371
74370
74369
74368
74367
74366
74365
74364
74363
74362
74361
74360
74359
74358
74357
74356
74355
74354
74353
74352
74351
74350
74349
74348
74347
74346
74345
74344
74343
74342
74341
74340
74339
74338
74337
74336
74335
74334
74333
74332
74331
74330
74329
74328
74327
74326
74325
74324
74323
74322
74321
74320
74319
74318
74317
74316
74315
74314
74313
74312
74311
74310
74309
74308
74307
74306
74305
74304
74303
74302
74301
74300
74299
74298
74297
74296
74295
74294
74293
74292
74291
74290
74289
74288
74287
74286
74285
74284
74283
74282
74281
74280
74279
74278
74277
74276
74275
74274
74273
74272
74271
74270
74269
74268
74267
74266
74265
74264
74263
74262
74261
74260
74259
74258
74257
74256
74255
74254
74253
74252
74251
74250
74249
74248
74247
74246
74245
74244
74243
74242
74241
74240
74239
74238
74237
74236
74235
74234
74233
74232
74231
74230
74229
74228
74227
74226
74225
74224
74223
74222
74221
74220
74219
74218
74217
74216
74065
74064
74063
74062
74061
74060
74059
74058
74057
74056
74055
74054
74052
74051
74050
74049
74048
74047
74046
74045
74044
74042
74041
74040
74039
74038
74037
74036
74035
74034
74033
74032
74031
74030
74029
74028
74027
74026
74025
74024
74023
74022
74020
74019
74018
74017
74016
74015
74014
74013
74012
74011
74010
74009
74008
74007
74006
74005
74004
74003
74002
74001
74000
73999
73998
73997
73996
73995
73994
73993
73992
73991
73990
73989
73988
73987
73986
73985
73984
73983
73982
73981
73980
73979
73977
73976
73975
73974
73973
73972
73971
73970
73969
73968
73967
73966
73965
73964
73963
73962
73961
73960
73959
73958
73957
73956
73955
73954
73953
73952
73951
73950
73949
73948
73947
73946
73945
73944
73943
73942
73941
73940
73939
73938
73937
73936
73935
73934
73933
73932
73931
73930
73929
73928
73927
73926
73925
73924
73923
73922
73921
73920
73919
73918
73917
73916
73759
73758
73757
73756
73755
73754
73753
73752
73751
73750
73749
73748
73747
73746
73745
73744
73743
73742
73741
73740
73739
73738
73737
73736
73735
73734
73733
73732
73731
73730
73729
73728
73727
73726
73725
73724
73723
73722
73721
73720
73719
73718
73717
73715
73714
73713
73712
73711
73710
73709
73708
73707
73706
73705
73704
73703
73702
73701
73700
73699
73698
73697
73696
73695
73694
73693
73692
73691
73690
73689
73688
73687
73686
73685
73684
73683
73682
73681
73680
73679
73678
73677
73676
73675
73674
73673
73672
73671
73670
73669
73668
73667
73666
73665
73664
73663
73662
73661
73660
73659
73658
73657
73656
73655
73654
73653
73652
73651
73650
73649
73648
73647
73646
73645
73644
73643
73642
73641
73640
73639
73638
73637
73636
73635
73634
73633
73632
73631
73630
73629
73628
73627
73626
73625
73624
73623
73622
73619
73618
73617
73616
73615
73614
73613
73612
73611
73610
73608
73607
73606
73605
73604
72844
72843
72842
72841
72840
72839
72838
72837
72836
72835
72834
72833
72832
72831
72830
72829
72828
72827
72826
72825
72824
72823
72822
72821
72820
72819
72818
72817
72816
72815
72814
72813
72812
72811
72810
72809
72808
72807
72806
72805
72804
72803
72802
72801
72800
72799
72798
72797
72796
72795
72794
72793
72792
72791
72790
72789
72788
72787
72786
72785
72784
72783
72782
72781
72780
72779
72778
72777
72776
72775
72774
72773
72772
72771
72770
72769
72768
72767
72766
72765
72764
72763
72762
72761
72760
72759
72758
72757
72756
72755
72754
72753
72752
72751
72750
72749
72748
72747
72746
72745
72744
72743
72742
72741
72740
72739
72738
72737
72736
72735
72734
72733
72732
72731
72730
72729
72728
72727
72726
72725
72724
72723
72722
72721
72720
72719
72718
72717
72716
72715
72714
72713
72712
72711
72710
72709
72708
72707
72706
72705
72704
72703
72702
72553
72552
72551
72550
72549
72548
72547
72546
72545
72544
72543
72542
72541
72540
72539
72538
72537
72536
72535
72534
72533
72532
72531
72530
72529
72528
72527
72526
72525
72524
72523
72522
72521
72520
72519
72518
72517
72516
72515
72514
72513
72512
72511
72510
72509
72508
72507
72506
72505
72504
72503
72502
72501
72500
72499
72498
72497
72496
72495
72494
72493
72492
72491
72490
72489
72488
72487
72486
72485
72484
72483
72482
72481
72480
72479
72478
72477
72476
72475
72474
72473
72472
72471
72470
72469
72468
72467
72466
72465
72464
72463
72462
72461
72460
72459
72458
72457
72456
72455
72454
72453
72452
72451
72450
72449
72448
72447
72446
72445
72444
72443
72442
72441
72440
72439
72438
72437
72436
72435
72434
72433
72432
72431
72430
72429
72428
72427
72426
72425
72421
72420
72419
72418
72417
72415
72414
72413
72412
72411
72410
72409
72408
72407
72406
72105
72104
72102
72101
72100
72099
72098
72097
72096
72095
72094
72093
72092
72091
72090
72089
72088
72087
72086
72085
72084
72083
72082
72081
72080
72079
72078
72077
72076
72075
72074
72073
72072
72071
72070
72069
72068
72067
72066
72065
72064
72063
72062
72061
72060
72059
72058
72057
72056
72055
72054
72053
72052
72051
72050
72049
72048
72047
72046
72045
72044
72043
72042
72041
72040
72039
72038
72037
72036
72035
72034
72033
72032
72031
72030
72029
72028
72027
72026
72025
72024
72023
72022
72021
72020
72019
72018
72017
72016
72015
72014
72013
72012
72011
72010
72009
72008
72007
72006
72005
72004
72003
72002
72001
72000
71999
71998
71997
71996
71995
71994
71993
71992
71991
71990
71989
71988
71987
71986
71985
71984
71983
71982
71981
71980
71979
71978
71977
71976
71975
71974
71973
71972
71971
71970
71969
71968
71967
71966
71965
71964
71963
71962
71961
71960
71959
71958
71957
71956
71955
71954
71953
71952
71951
71950
71949
71948
71947
71946
71945
71944
71943
71942
71941
71940
71939
71938
71937
71936
71935
71934
71933
71932
71931
71930
71929
71928
71927
71926
71925
71924
71923
71922
71921
71920
71919
71918
71917
71916
71915
71914
71913
71912
71911
71910
71909
71908
71907
71906
71905
71904
71903
71902
71901
71900
71899
71898
71897
71896
71895
71894
71893
71892
71891
71890
71889
71888
71887
71886
71885
71884
71883
71882
71881
71880
71879
71878
71877
71876
71875
71874
71873
71872
71871
71870
71869
71868
71867
71866
71865
71864
71863
71862
71861
71860
71859
71858
71857
71856
71855
71854
71853
71852
71851
71850
71849
71848
71847
71846
71845
71844
71843
71842
71841
71840
71839
71838
71837
71836
71835
71834
71833
71832
71831
71830
71829
71828
71827
71826
71825
71824
71823
71822
71821
71820
71819
71818
71817
71816
71815
71814
71813
71812
71811
71810
71809
71808
71807
71806
70934
70933
70932
70931
70930
70929
70928
70927
70926
70925
70924
70923
70922
70921
70920
70919
70918
70917
70916
70915
70914
70913
70912
70911
70910
70909
70908
70907
70906
70905
70904
70903
70902
70901
70900
70899
70898
70897
70896
70895
70894
70893
70892
70891
70890
70889
70888
70887
70886
70885
70884
70883
70882
70881
70880
70879
70878
70877
70876
70875
70874
70873
70872
70871
70870
70869
70868
70867
70866
70865
70864
70863
70862
70861
70860
70859
70858
70857
70856
70855
70854
70853
70852
70851
70850
70849
70848
70847
70846
70845
70844
70843
70842
70841
70840
70839
70838
70837
70836
70835
70834
70833
70832
70831
70830
70829
70828
70827
70826
70825
70824
70823
70822
70821
70820
70819
70818
70817
70816
70815
70814
70813
70812
70811
70810
70809
70808
70807
70806
70805
70804
70803
70802
70801
70800
70799
70798
70797
70796
70795
70794
70793
70792
70791
70790
70789
70788
70787
70786
70785
70784
70783
70782
70781
70780
70779
70778
70777
70776
70775
70774
70773
70772
70771
70770
70769
70768
70767
70766
70765
70764
70763
70762
70761
70760
70759
70758
70757
70756
70755
70754
70753
70752
70751
70750
70749
70748
70747
70746
70745
70744
70743
70742
70741
70740
70739
70738
70737
70736
70735
70734
70733
70732
70731
70730
70729
70728
70727
70726
70725
70724
70723
70722
70721
70720
70719
70718
70717
70716
70715
70714
70713
70712
70711
70710
70709
70708
70707
70706
70705
70704
70703
70702
70701
70700
70699
70698
70697
70696
70695
70694
70693
70692
70691
70690
70689
70688
70687
70686
70685
70684
70683
70682
70681
70680
70679
70678
70677
70676
70675
70674
70673
70672
70671
70670
70669
70668
70667
70666
70665
70664
70663
70662
70661
70660
70659
70658
70657
70656
70655
70654
70653
70652
70651
70650
70649
70648
70647
70365
70364
70363
70362
70361
70360
70359
70358
70357
70356
70355
70354
70353
70352
70351
70350
70349
70348
70347
70346
70345
70344
70343
70342
70341
70340
70339
70338
70337
70336
70335
70334
70333
70332
70331
70330
70329
70328
70327
70326
70325
70324
70323
70322
70321
70320
70319
70318
70317
70316
70315
70314
70313
70312
70311
70310
70309
70308
70307
70306
70305
70304
70303
70302
70301
70300
70299
70298
70297
70296
70295
70294
70293
70292
70291
70290
70289
70288
70287
70286
70285
70284
70283
70282
70281
70280
70279
70278
70277
70276
70275
70274
70273
70272
70271
70270
70269
70268
70267
70266
70265
70264
70263
70262
70261
70260
70259
70258
70257
70256
70255
70254
70253
70252
70251
70250
70249
70248
70247
70246
70245
70244
70243
70242
70241
70240
70239
70238
70237
70236
70235
70234
70233
70232
70231
70230
70229
70228
70227
70226
70225
70224
70223
70222
70221
70220
70219
70218
70217
70216
70215
70214
70213
70212
70211
70210
70209
70208
70207
70206
70205
70204
70203
70202
70201
70200
70199
70198
70197
70196
70195
70194
70193
70192
70191
70190
70189
70188
70187
70186
70185
70184
70183
70182
70181
70180
70179
70178
70177
70176
70175
70174
70173
70172
70171
70170
70169
70168
70167
70166
70165
70164
70163
70162
70161
70160
70159
70158
70157
70156
70155
70154
70153
70152
70151
70150
70149
70148
70147
70146
70145
70144
70143
70142
70141
70140
70139
70138
70137
70136
70135
70134
70133
70132
70131
70130
70129
70128
70127
70126
70125
70124
70123
70122
70121
70120
70119
70118
70117
70116
70115
70114
70113
70112
70111
70110
70109
70108
70107
70106
70105
70104
70103
70102
70101
70100
70099
70098
70097
70096
70095
70094
70093
70092
70091
70090
70089
70088
70086
70085
69798
69797
69796
69795
69794
69793
69792
69791
69790
69789
69788
69787
69786
69785
69784
69783
69782
69781
69780
69779
69778
69777
69776
69775
69774
69773
69772
69771
69770
69769
69768
69767
69766
69765
69764
69763
69762
69761
69760
69759
69758
69757
69756
69755
69754
69753
69752
69751
69750
69749
69748
69747
69746
69745
69744
69743
69742
69741
69740
69739
69738
69737
69736
69735
69734
69733
69732
69731
69730
69729
69728
69727
69726
69725
69724
69723
69722
69721
69720
69719
69718
69717
69716
69715
69714
69713
69712
69711
69710
69709
69708
69707
69706
69705
69704
69703
69702
69701
69700
69699
69698
69697
69696
69695
69694
69693
69692
69691
69690
69689
69688
69687
69686
69685
69684
69683
69682
69681
69680
69679
69678
69677
69676
69675
69674
69673
69672
69671
69670
69669
69668
69667
69666
69665
69664
69663
69662
69661
69660
69659
69658
69657
69656
69655
69654
69653
69652
69651
69650
69649
69648
69647
69646
69645
69644
69643
69642
69641
69640
69639
69638
69637
69636
69635
69634
69633
69632
69631
69630
69629
69628
69627
69626
69625
69624
69623
69622
69621
69620
69619
69618
69617
69616
69614
69613
69612
69611
69610
69609
69608
69607
69606
69605
69604
69603
69602
69601
69600
69599
69598
69597
69596
69595
69594
69593
69592
69591
69590
69589
69588
69587
69586
69585
69584
69583
69582
69581
69580
69579
69578
69577
69576
69575
69574
69573
69572
69571
69570
69569
69568
69567
69566
69565
69564
69563
69562
69561
69560
69559
69558
69557
69556
69555
69554
69553
69552
69551
69550
69549
69548
69547
69546
69545
69544
69543
69542
69541
69540
69539
69538
69537
69536
69535
69534
69533
69532
69531
69530
69529
69528
69527
69526
69525
69524
69523
69522
69521
69520
69519
69518
69517
69516
69515
69234
69233
69232
69231
69230
69229
69228
69227
69226
69225
69224
69223
69222
69221
69220
69219
69218
69217
69216
69215
69214
69213
69212
69211
69210
69209
69208
69207
69206
69205
69204
69203
69202
69201
69200
69199
69198
69197
69196
69195
69194
69193
69192
69191
69190
69189
69188
69187
69186
69185
69184
69183
69182
69181
69180
69179
69178
69177
69176
69175
69174
69173
69172
69171
69170
69169
69168
69167
69166
69165
69164
69163
69162
69161
69160
69159
69158
69157
69156
69155
69154
69153
69152
69151
69150
69149
69148
69147
69146
69145
69144
69143
69142
69141
69140
69139
69138
69137
69136
69135
69134
69133
69132
69131
69130
69129
69128
69127
69126
69125
69124
69123
69122
69121
69120
69119
69118
69117
69116
69115
69114
69113
69112
69111
69110
69109
69108
69107
69106
69105
69104
69103
69102
69101
69100
69099
69098
69097
69096
69095
69094
69093
69092
69091
69090
69089
69088
69087
69086
69085
69084
69083
69082
69081
69080
69079
69078
69077
69076
69075
69074
69073
69072
69071
69070
69069
69068
69067
69066
69065
69064
69063
69062
69061
69060
69059
69058
69057
69056
69055
69054
69053
69052
69051
69050
69049
69048
69047
69046
69045
69044
69043
69042
69041
69040
69039
69038
69037
69036
69035
69034
69033
69032
69031
69030
69029
69028
69027
69026
69025
69024
69023
69022
69021
69020
69019
69018
69017
69016
69015
69014
69013
69012
69011
69010
69009
69008
69007
69006
69005
69004
69003
69002
69001
69000
68999
68998
68997
68996
68995
68994
68993
68992
68991
68990
68989
68988
68987
68986
68985
68984
68983
68982
68981
68980
68979
68978
68977
68976
68975
68974
68973
68972
68971
68970
68969
68968
68967
68966
68965
68964
68963
68962
68961
68960
68959
68958
68957
68956
68955
68721
68720
68719
68718
68717
68716
68715
68714
68713
68712
68711
68710
68709
68708
68707
68706
68705
68704
68703
68702
68701
68700
68699
68698
68697
68696
68695
68694
68693
68692
68691
68690
68689
68688
68687
68686
68685
68684
68683
68682
68681
68680
68679
68678
68677
68676
68675
68674
68673
68672
68671
68670
68669
68668
68667
68666
68665
68664
68663
68662
68661
68660
68659
68658
68657
68656
68655
68654
68653
68652
68651
68650
68649
68648
68647
68646
68645
68644
68643
68642
68641
68640
68639
68638
68637
68636
68635
68634
68633
68632
68631
68630
68629
68628
68627
68626
68625
68624
68623
68622
68621
68620
68619
68618
68617
68616
68615
68614
68613
68612
68611
68610
68609
68608
68607
68606
68605
68604
68603
68602
68601
68600
68599
68598
68597
68596
68595
68594
68593
68592
68591
68590
68589
68588
68587
68586
68585
68584
68583
68582
68581
68580
68579
68578
68577
68576
68575
68574
68573
68572
68571
68570
68569
68568
68567
68566
68565
68564
68563
68562
68561
68560
68559
68558
68557
68556
68555
68554
68553
68552
68551
68550
68549
68548
68547
68546
68545
68544
68543
68541
68540
68539
68538
68537
68536
68535
68533
68532
68531
68530
68529
68528
68527
68526
68525
68524
68523
68522
68521
68520
68519
68518
68517
68516
68515
68514
68513
68512
68511
68510
68509
68508
68507
68506
68505
68504
68503
68502
68501
68500
68499
68498
68497
68496
68495
68494
68493
68492
68491
68490
68259
68258
68257
68256
68255
68254
68253
68252
68251
68250
68249
68248
68247
68246
68245
68244
68243
68242
68241
68240
68239
68238
68237
68236
68235
68234
68233
68232
68231
68230
68229
68228
68227
68226
68225
68224
68223
68222
68221
68220
68219
68218
68217
68216
68215
68214
68213
68212
68211
68210
68209
68208
68207
68206
68205
68204
68203
68202
68201
68200
68199
68198
68197
68196
68195
68194
68193
68192
68191
68190
68189
68188
68187
68186
68185
68184
68183
68182
68181
68180
68179
68178
68177
68176
68175
68174
68173
68172
68171
68170
68169
68168
68167
68166
68165
68164
68163
68162
68161
68160
68159
68158
68157
68156
68155
68154
68153
68152
68151
68150
68149
68148
68147
68146
68145
68144
68143
68142
68141
68140
68139
68138
68137
68136
68135
68134
68133
68132
68131
68130
68129
68128
68127
68126
68125
68124
68123
68122
68121
68120
68119
68118
68117
68116
68115
68114
68113
68112
68111
68110
68109
68108
68107
68106
68105
68104
68103
68102
68101
68100
68099
68098
68097
68096
68095
68094
68093
68092
68091
68090
68089
68088
68087
68086
68085
68084
68083
68082
68081
68080
68079
68078
68077
68076
68075
68074
68073
68072
68071
68070
68069
68068
68067
68066
68065
68064
68063
68062
68061
68060
68059
68058
68057
68056
68055
68054
68053
68052
68051
68050
68049
68048
68047
68046
68045
68044
68043
68042
68041
68040
68039
68038
68037
68036
68035
68034
68033
68032
68031
68030
68028
67798
67797
67796
67795
67794
67793
67792
67791
67790
67789
67788
67787
67786
67785
67784
67783
67782
67781
67780
67779
67778
67777
67776
67775
67774
67773
67772
67771
67770
67769
67768
67767
67766
67765
67764
67763
67762
67761
67760
67759
67758
67757
67756
67755
67754
67753
67752
67751
67750
67749
67748
67747
67746
67745
67744
67743
67742
67741
67740
67739
67738
67737
67736
67735
67734
67733
67732
67731
67730
67729
67728
67727
67726
67725
67724
67723
67722
67721
67720
67719
67718
67717
67716
67715
67714
67713
67712
67711
67710
67709
67708
67707
67706
67705
67704
67703
67702
67701
67700
67699
67698
67697
67696
67695
67694
67693
67692
67691
67690
67689
67688
67687
67686
67685
67684
67683
67682
67681
67680
67679
67678
67677
67676
67675
67674
67673
67672
67671
67670
67669
67668
67667
67666
67665
67664
67663
67662
67661
67660
67659
67658
67657
67656
67654
67653
67652
67651
67650
67649
67648
67647
67646
67645
67644
67643
67642
67641
67640
67639
67638
67637
67636
67635
67634
67633
67632
67631
67630
67629
67628
67627
67626
67625
67624
67623
67622
67621
67620
67619
67618
67617
67616
67615
67614
67613
67612
67611
67610
67609
67608
67607
67606
67605
67604
67603
67602
67601
67600
67599
67598
67597
67596
67595
67594
67593
67592
67591
67590
67589
67588
67587
67586
67585
67584
