85067
85066
85065
85064
85063
85062
85061
85060
85059
85058
85057
85056
85055
85054
85053
85052
85051
85032
85031
85030
85029
85028
85027
85026
85025
85024
85023
85022
85021
85020
85019
85018
85017
85016
85015
84996
84995
84994
84993
84992
84991
84990
84989
84988
84987
84986
84985
84984
84983
84982
84981
84980
84979
84872
84871
84870
84869
84868
84867
84866
84865
84863
84862
84861
84860
84859
84858
84857
84856
84855
84854
84853
84852
84851
84850
84849
84848
84847
84846
84845
84844
84843
84842
84841
84840
84839
84689
84688
84687
84686
84685
84684
84683
84682
84681
84545
84544
84543
84542
84541
84540
84539
84538
84537
84536
84535
84534
84533
84532
84531
84530
84529
84528
84527
84526
84525
84524
84523
84522
84521
84520
84519
84518
84517
84516
84515
84514
84513
84512
84511
84510
84509
84508
84507
84506
84505
84504
84503
84502
84501
84500
84499
84498
84497
84496
84495
84494
84493
84492
84491
84490
84489
84488
84487
84486
84485
84484
84483
84482
84481
84480
84479
84478
84477
84476
84475
84474
84473
84472
84471
84470
84469
84468
84467
84466
84465
84464
84463
84462
84461
84460
84459
84458
84457
84456
84455
84454
84453
84452
84451
84450
84449
84448
84447
84446
84445
84444
84443
84442
84441
84440
84439
84438
84437
84436
84435
84434
84433
84432
84431
84430
84429
84428
84427
84426
84425
84424
84423
84422
84421
84420
84419
84418
84417
84416
84415
84414
84413
84412
84411
84321
84320
84319
84318
84317
84316
84315
84314
84313
84312
84311
84310
84309
84308
84307
84306
84305
84304
84303
84302
84301
84300
84299
84298
84297
84296
84295
84294
84293
84292
84291
84290
84289
84288
84287
84286
84285
84284
84283
84282
84281
84280
84279
84278
84277
84276
84275
84274
84273
84272
84271
84270
84269
84268
84267
84266
84265
84264
84263
84262
84261
84260
84259
84258
84257
84256
84255
84254
84253
84252
84251
84250
84249
84248
84247
84246
84245
84244
84243
84242
84241
84240
84239
84238
84237
84236
84235
84234
84233
84214
84213
84212
84211
84210
84209
84208
84207
84206
84205
84204
84203
84202
84201
84200
84199
84198
84197
84105
84104
84103
84102
84101
84100
84099
84098
84097
84096
84095
84094
84093
84092
84091
84090
84089
84088
84087
84086
84085
84084
84083
84082
84081
84080
84079
84078
84077
84076
84075
84074
84073
84072
84071
84070
84069
84068
84067
84066
84065
84064
84063
84062
84061
84060
84059
84058
84057
84056
84055
84054
84053
84052
84051
84050
84049
84048
84047
84046
84045
84044
84043
84042
84041
84040
84039
84038
84037
84036
84035
84034
84033
84032
84031
84030
84029
84028
84027
84026
84025
84024
84023
84022
84021
84020
84019
84018
84017
84016
83968
83967
83966
83965
83964
83963
83962
83961
83960
83959
83958
83957
83956
83955
83954
83953
83952
83951
83950
83949
83948
83947
83946
83945
83944
83943
83942
83941
83940
83939
83938
83937
83936
83935
83934
83933
83932
83931
83930
83929
83928
83927
83926
83925
83924
83923
83922
83879
83878
83877
83876
83875
83874
83873
83872
83871
83870
83869
83868
83867
83866
83865
83864
83863
83862
83861
83860
83859
83858
83857
83856
83855
83854
83853
83852
83851
83850
83849
83848
83847
83846
83845
83844
83843
83842
83841
83840
83839
83838
83201
83200
83199
83198
83197
83196
83195
83194
83193
83192
83191
83190
83189
83188
83187
83186
83185
83184
83183
83182
83181
83180
83179
83178
83177
83176
83175
83174
83173
83172
83171
83170
83169
83168
83167
83166
83165
83164
83163
83162
83161
83160
83159
83158
83157
83156
83155
83154
83153
83152
83151
83150
83149
83148
83147
83146
83145
83144
83143
83142
83141
83140
83139
83138
83137
83136
83135
83134
83133
83132
83131
83130
83129
83128
83127
83126
83125
83124
83123
83122
83121
83120
83119
83118
83117
83116
83115
83114
83113
83112
83111
83110
83109
83108
83107
83106
83105
83104
83103
83102
83090
83089
83088
83087
83086
83085
83084
83083
83082
83081
83080
82944
82943
82942
82941
82940
82939
82938
82937
82936
82935
82934
82933
82932
82931
82930
82929
82928
82927
82926
82925
82924
82923
82922
82921
82920
82919
82918
82917
82916
82915
82914
82913
82912
82911
82910
82909
82908
82907
82906
82905
82904
82903
82902
82901
82900
82899
82898
82897
82896
82895
82894
82893
82892
82891
82890
82889
82888
82887
82886
82885
82884
82883
82882
82881
82880
82879
82878
82877
82876
82875
82874
82873
82872
82871
82870
82869
82868
82867
82866
82865
82864
82863
82862
82861
82860
82859
82858
82856
82855
82854
82853
82852
82851
82850
82849
82848
82847
82846
82845
82844
82843
82842
82841
82840
82839
82838
82837
82836
82835
82834
82833
82832
82831
82830
82829
82828
82827
82826
82825
82824
82823
82822
82821
82820
82819
82818
82817
82816
82815
82814
82813
82812
82811
82810
82705
82704
82703
82702
82701
82700
82699
82698
82697
82696
82695
82694
82693
82692
82691
82690
82689
82688
82687
82686
82685
82684
82683
82682
82681
82680
82679
82678
82677
82676
82675
82674
82673
82672
82671
82670
82669
82668
82667
82666
82665
82664
82663
82662
82661
82660
82659
82658
82657
82656
82655
82654
82653
82652
82651
82650
82649
82648
82647
82646
82645
82644
82643
82642
82641
82640
82639
82638
82637
82636
82635
82634
82633
82632
82631
82630
82629
82628
82627
82626
82625
82624
82623
82622
82621
82620
82619
82618
82617
82616
82615
82614
82613
82612
82611
82610
82609
82608
82607
82606
82605
82604
82603
82602
82500
82499
82498
82497
82496
82495
82494
82493
82492
82491
82490
82489
82488
82487
82486
82485
82484
82483
82482
82481
82480
82479
82478
82477
82476
82475
82474
82473
82472
82471
82470
82469
82468
82467
82466
82465
82464
82463
82462
82461
82460
82459
82458
82457
82456
82455
82454
82453
82452
82451
82450
82449
82448
82447
82446
82445
82444
82443
82442
82441
82440
82439
82438
82437
82436
82435
82434
82433
82432
82431
82430
82429
82428
82427
82426
82425
82424
82423
82422
82421
82420
82419
82418
82417
82416
82415
82414
82413
82412
82411
82410
82409
82408
82407
82406
82405
82404
82403
82402
82401
82400
82303
82302
82301
82300
82299
82298
82297
82296
82295
82294
82293
82292
82291
82290
82289
82288
82287
82286
82285
82284
82283
82282
82281
82280
82279
82278
82277
82276
82275
82274
82273
82272
82271
82270
82269
82268
82267
82266
82265
82264
82263
82262
82261
82260
82259
82258
82257
82256
82255
82254
82253
82252
82251
82250
82249
82248
82247
82246
82245
82244
82243
82242
82241
82240
82239
82238
82237
82236
82235
82234
82233
82232
82231
82230
82229
82228
82227
82226
82225
82224
82223
82222
82221
82220
82219
82218
82217
82216
82215
82214
82213
82212
82211
82210
82209
82208
81615
81614
81613
81612
81611
81610
81609
81608
81607
81606
81605
81604
81603
81602
81601
81600
81599
81598
81597
81596
81595
81594
81593
81592
81591
81590
81589
81588
81587
81586
81585
81584
81583
81582
81581
81580
81579
81578
81577
81576
81575
81574
81573
81572
81571
81570
81569
81568
81567
81566
81565
81564
81563
81562
81561
81560
81559
81558
81557
81556
81555
81554
81553
81552
81551
81550
81549
81548
81547
81546
81545
81544
81543
81542
81541
81540
81539
81538
81537
81536
81535
81534
81533
81532
81531
81530
81529
81528
81527
81526
81525
81524
81523
81522
81521
81520
81519
81518
81517
81516
81515
81514
81513
81512
81511
81510
81509
81508
81507
81506
81505
81504
81503
81502
81501
81500
81499
81498
81497
81496
81495
81494
81493
81492
81491
81490
81489
81488
81487
81486
81485
81484
81483
81482
81481
81480
81479
81478
81477
81476
81475
81474
81473
81472
81471
81470
81469
81468
81467
81466
81465
81464
81463
81462
81461
81460
81459
81458
81457
81456
81455
81454
81453
81452
81451
81450
81449
81448
81447
81446
81445
81444
81443
81442
81441
81440
81439
81438
81437
81436
81435
81434
81433
81432
81431
81430
81429
81428
81427
81426
81425
81424
81423
81422
81421
81420
81419
81418
81369
81368
81367
81366
81365
81364
81363
81362
81361
81360
81359
81358
81357
81356
81355
81354
81353
81352
81351
81350
81349
81348
81347
81346
81345
81344
81343
81342
81341
81340
81339
81338
81337
81336
81335
81334
81333
81332
81331
81330
81329
81328
81327
81326
81325
81324
81323
81322
81274
81273
81272
81271
81270
81269
81268
81267
81266
81265
81264
81263
81262
81261
81260
81259
81258
81257
81256
81255
81254
81253
81252
81251
81250
81249
81248
81247
81246
81245
81244
81243
81242
81241
81240
81239
81238
81237
81236
81235
81234
81233
81232
81231
81230
81229
81228
80946
80945
80944
80943
80942
80941
80940
80939
80938
80937
80936
80935
80934
80933
80932
80931
80930
80929
80928
80927
80926
80925
80924
80923
80922
80921
80920
80919
80918
80917
80916
80915
80914
80913
80912
80911
80910
80909
80908
80907
80906
80905
80904
80903
80902
80901
80900
80899
80898
80897
80896
80895
80894
80893
80892
80891
80890
80889
80888
80887
80886
80885
80884
80883
80882
80881
80880
80879
80878
80877
80876
80875
80874
80873
80872
80871
80870
80869
80868
80867
80866
80865
80864
80863
80862
80861
80860
80859
80858
80857
80856
80351
80350
80349
80348
80347
80346
80345
80344
80343
80342
80341
80340
80339
80338
80337
80336
80335
80334
80333
80332
80331
80330
80329
80328
80327
80326
80325
80324
80323
80322
80321
80320
80319
80318
80317
80316
80315
80314
80313
80312
80311
80310
80309
80308
80307
80306
80305
80304
80303
80302
80301
80300
80299
80298
80297
80296
80295
80294
80293
80292
80291
80290
80289
80288
80287
80286
80285
80284
80283
80282
80281
80280
80279
80278
80277
80276
80275
80274
80273
80272
80271
80270
80269
80268
80267
80266
80265
80264
80263
80262
80261
80260
80259
80258
80257
80256
80255
80254
80253
80252
80251
80250
80249
80248
80247
80246
80245
80244
80243
80242
80241
80240
80239
80238
80237
80236
80235
80234
80233
80232
80231
80230
80229
80228
80227
80226
80225
80224
80223
80222
80221
80220
80165
80164
80163
80162
80161
80160
80159
80158
80157
80156
80155
80154
80153
80152
80151
80150
80149
80148
80147
80146
80145
80144
80143
80142
80141
80140
80139
80138
80137
80136
80135
80134
80133
80132
80131
80130
80129
80128
80127
80126
80125
80124
80123
80122
80121
80120
80119
80118
80117
80116
80115
80114
80113
80112
80020
80019
80018
80017
80016
80015
80014
80013
80012
80011
80010
80009
80008
80007
80006
80005
80004
80003
80002
80001
80000
79999
79998
79997
79996
79995
79994
79993
79992
79991
79990
79989
79988
79987
79986
79985
79984
79983
79982
79981
79980
79979
79978
79977
79976
79975
79974
79973
79972
79971
79970
79969
79968
79967
79966
79965
79964
79963
79962
79961
79960
79959
79958
79957
79956
79955
79954
79953
79952
79951
79950
79949
79948
79947
79946
79945
79944
79943
79942
79941
79940
79939
79938
79937
79936
79935
79934
79933
79932
79931
79930
79837
79836
79835
79834
79833
79832
79831
79830
79829
79828
79827
79826
79825
79824
79823
79822
79821
79820
79819
79818
79817
79816
79815
79814
79813
79812
79811
79810
79809
79808
79807
79806
79805
79804
79803
79802
79801
79800
79799
79798
79797
79796
79795
79794
79793
79792
79791
79790
79789
79788
79787
79786
79785
79784
79783
79782
79781
79780
79779
79778
79777
79776
79775
79774
79773
79772
79771
79770
79769
79768
79767
79766
79765
79764
79763
79762
79761
79760
79759
79758
79757
79756
79755
79754
79753
79752
79751
79750
79749
79748
79747
79746
79289
79288
79287
79286
79285
79284
79283
79282
79281
79280
79279
79278
79277
79276
79275
79274
79273
79272
79271
79270
79269
79268
79267
79266
79265
79264
79263
79262
79261
79260
79259
79258
79257
79256
79255
79254
79253
79252
79251
79250
79249
79248
79247
79246
79245
79244
79243
79242
79241
79240
79239
79238
79237
79236
79235
79234
79233
79232
79231
79230
79229
79228
79227
79226
79225
79224
79223
79222
79221
79220
79219
79218
79217
79216
79215
79214
79213
79212
79211
79210
79209
79208
79207
79206
79205
79204
79203
79202
79201
79200
79154
79153
79152
79151
79150
79149
79148
79147
79146
79145
79144
79143
79142
79141
79140
79139
79138
79137
79136
79135
79134
79133
79132
79131
79130
79129
79128
79127
79126
79125
79124
79123
79122
79121
79120
79119
79118
79117
79116
79115
79114
79113
79112
79111
79110
79063
79062
79061
79060
79059
79058
79057
79056
79055
79054
79053
79052
79051
79050
79049
79048
79047
79046
79045
79044
79043
79042
79041
79040
79039
79038
79037
79036
79035
79034
79033
79032
79031
79030
79029
79028
79027
79026
79025
79024
79023
79022
79021
79020
79019
79018
78398
78397
78396
78395
78394
78393
78392
78391
78390
78389
78388
78387
78386
78385
78384
78383
78382
78381
78380
78379
78378
78377
78376
78375
78374
78373
78372
78371
78370
78369
78368
78367
78366
78365
78364
78363
78362
78361
78360
78359
78358
78357
78356
78355
78354
78353
78352
78351
78350
78349
78348
78347
78346
78345
78344
78343
78342
78341
78340
78339
78338
78337
78336
78335
78334
78333
78332
78331
78330
78329
78328
78327
78326
78325
78324
78250
78249
78248
78247
78246
78245
78244
78243
78242
78241
78240
78239
78238
78237
78236
78235
78234
78233
78232
78231
78230
78229
78228
78227
78226
78225
78224
78223
78222
78221
78220
78219
78218
78217
78216
78215
78214
78213
78212
78211
78210
78209
78208
78207
78206
78205
78204
78203
78202
78201
78200
78199
78198
78197
78196
78195
78194
78193
78192
78191
78190
78189
78188
78187
78186
78185
78184
78183
78182
78181
78180
78179
78178
77433
77431
77170
77169
77168
77167
77166
77165
77164
77163
77162
77161
77160
77159
77158
77157
77156
77155
77154
77153
77152
77151
77150
77149
77148
77147
77146
77145
77144
77143
77142
77141
77140
77139
77138
77137
77136
77135
77134
77133
77132
77131
77130
77129
77128
77127
77126
77125
77124
77123
77122
77121
77120
77119
77118
77117
77116
77115
77114
77113
77112
77111
77110
77109
77108
77107
77106
77105
77104
77103
77102
77101
77100
77099
77098
77097
77096
77095
77094
77093
77092
77091
77090
77089
77088
77087
77086
77085
77084
77083
77082
77081
77080
77079
77078
77077
77076
77075
77074
77073
77072
77071
77070
77069
77068
77067
77011
77010
77009
77008
77007
77006
77005
77004
77003
77002
77001
76999
76998
76997
76996
76995
76994
76993
76992
76991
76990
76989
76988
76987
76986
76985
76984
76983
76982
76981
76980
76979
76978
76977
76976
76975
76974
76973
76972
76971
76970
76969
76968
76967
76966
76965
76964
76963
76962
76961
76960
76959
76958
76957
76908
76907
76906
76905
76904
76903
76902
76901
76900
76899
76898
76897
76896
76895
76894
76893
76892
76891
76890
76889
76888
76887
76886
76885
76884
76883
76882
76881
76880
76879
76878
76877
76876
76875
76874
76873
76872
76871
76870
76869
76868
76867
76866
76865
76826
76825
76824
76823
76822
76821
76820
76819
76818
76817
76816
76815
76814
76813
76812
76811
76810
76809
76808
76807
76806
76805
76804
76803
76802
76801
76800
76799
76798
76797
76796
76795
76794
76793
76792
76791
76790
76755
76754
76753
76752
76751
76750
76749
76748
76747
76745
76744
76743
76742
76741
76740
76739
76738
76737
76736
76735
76734
76733
76732
76731
76730
76729
76728
76727
76726
76725
76724
76723
76722
76707
76706
76705
76704
76703
76702
76701
76700
76699
76698
76697
76696
76695
76694
76677
76676
76675
76674
76673
76672
76671
76670
76669
76668
76667
76666
76665
76664
76663
76662
76581
76580
76579
76578
76577
76576
76575
76574
76573
76572
76571
76570
76569
76568
76567
76566
76564
76548
76547
76546
76545
76544
76543
76542
76541
76540
76539
76538
76537
76536
76535
76534
76528
76527
76526
76525
76524
76520
76519
76518
76340
76339
76338
76337
76336
76335
76334
76333
76332
76331
76330
76329
76328
76327
76326
76325
76324
76323
76322
76321
76320
76319
76318
76317
76316
76315
76314
76313
76312
76311
76310
76309
76308
76307
76306
76305
76304
76303
76302
76301
76300
76299
76298
76297
76296
76295
76294
76293
76292
76291
76290
76289
76288
76287
76286
76285
76284
76283
76282
76281
76280
76279
76278
76277
76276
76275
76274
76273
76272
76271
76270
76269
76268
76267
76266
76265
76264
76263
76262
76261
76260
76259
76258
76257
76256
76255
76254
76253
76252
76251
76250
76249
76248
76247
76246
76245
76244
76243
76242
76241
76240
76239
76238
76237
76236
76235
76234
76233
76232
76231
76230
76229
76228
76227
76226
76225
76224
76223
76222
76221
76220
76219
76218
76217
76216
76215
76214
76213
76212
76211
76210
76209
76208
76207
76206
76205
76204
76203
76202
76201
76200
76199
76198
76197
76196
76195
76194
76193
76192
76191
76190
76189
76188
76187
76186
76185
76184
76183
76182
76181
76180
76179
76178
76177
76176
76175
76174
76173
76172
76171
76170
76169
76168
76167
76166
75995
75994
75993
75992
75991
75990
75989
75988
75987
75986
75985
75984
75983
75982
75981
75980
75979
75978
75977
75976
75975
75974
75973
75972
75971
75970
75969
75968
75967
75966
75965
75964
75963
75962
75961
75960
75959
75958
75957
75956
75955
75954
75953
75952
75951
75950
75949
75948
75947
75946
75945
75944
75943
75942
75941
75940
75939
75938
75937
75936
75935
75934
75933
75932
75931
75930
75929
75928
75927
75926
75925
75924
75923
75922
75921
75920
75919
75918
75917
75916
75915
75914
75913
75912
75911
75910
75909
75908
75907
75906
75905
75904
75903
75902
75901
75900
75899
75898
75897
75896
75895
75894
75893
75892
75891
75890
75889
75888
75887
75886
75885
75884
75883
75882
75881
75880
75879
75878
75877
75876
75875
75874
75873
75872
75871
75870
75869
75868
75867
75866
75865
75864
75863
75862
75861
75860
75859
75858
75857
75856
75855
75854
75853
75852
75851
75850
75849
75848
75847
75846
75845
75844
75843
75842
75841
75840
75839
75838
75837
75836
75835
75834
75833
75832
75831
75830
75829
75828
75827
75826
75785
75784
75783
75782
75781
75780
75779
75778
75777
75776
75775
75774
75773
75772
75771
75770
75769
75768
75767
75766
75765
75764
75763
75762
75761
75760
75759
75758
75757
75756
75755
75754
75753
75752
75751
75750
75749
75748
75747
75746
75704
75703
75702
75701
75700
75699
75698
75697
75696
75695
75694
75693
75692
75691
75690
75689
75688
75687
75686
75685
75684
75683
75682
75681
75680
75679
75678
75677
75676
75675
75674
75673
75672
75671
75670
75669
75668
75667
75666
75665
75664
75459
75458
75457
75456
75455
75454
75453
75452
75451
75450
75449
75448
75447
75446
75445
75444
75443
75442
75441
75440
75439
75438
75437
75436
75435
75434
75433
75432
75431
75430
75429
75428
75427
75426
75425
75424
75423
75422
75421
75420
75419
75418
75376
75375
75374
75373
75372
75371
75370
75369
75368
75367
75366
75365
75364
75363
75362
75361
75360
75359
75358
75357
75356
75355
75354
75353
75352
75351
75350
75349
75348
75347
75346
75345
75344
75343
75342
75341
75340
75339
75338
75337
75336
74684
74683
74682
