129494
129493
129491
129489
129487
129485
129483
129481
129479
129477
129475
129473
129471
129469
129467
129465
129463
129461
129458
129457
129455
129453
129451
129447
129441
129439
129437
129435
129432
129429
129427
129425
129423
129421
129419
129417
129415
129413
129411
129409
129407
129405
129403
129401
129399
129397
129395
129393
129391
129389
129387
129385
129383
129381
129379
129377
129375
129373
129371
129369
129367
129365
129363
129361
129359
129357
129355
129353
129351
129349
129347
129345
129343
129341
129339
129337
129335
129333
129331
129329
129327
129325
129323
129321
129318
129317
129315
129312
129311
129309
129306
129304
129303
129301
129299
129297
129294
129292
129290
129288
129286
129284
129282
129280
129278
129276
129274
129272
129270
129268
129266
129264
129261
129259
129257
129255
129252
129250
129248
129246
129244
129242
129240
129239
129237
129235
129233
129231
129229
129227
129225
129223
129221
129219
129217
129215
129212
129209
129203
129199
129197
129195
129193
129190
129187
129185
129183
129172
129170
129168
129166
129164
129162
129160
129158
129156
129154
129152
129150
129148
129146
129144
129142
129140
129138
129136
129134
129132
129130
129128
129126
129124
129122
129120
129118
129116
129114
129112
129110
129108
129106
129103
129101
129099
129097
129094
129092
129090
129088
129086
129084
129081
129079
129077
129075
129073
129071
129069
129067
129065
129063
129061
129057
129054
129051
129048
129046
129044
129042
129040
129039
129027
129025
129023
129021
129019
129017
129015
129013
129011
129009
129007
129005
129003
129001
128999
128997
128995
128993
128991
128989
128987
128985
128983
128981
128979
128977
128975
128973
128971
128969
128967
128965
128963
128961
128959
128957
128955
128953
128951
128949
128947
128945
128943
128941
128939
128937
128935
128931
128929
128927
128925
128923
128921
128919
128917
128914
128912
128910
128908
128906
128903
128902
128900
128898
128896
128894
128892
128890
128888
128886
128884
128882
128880
128878
128876
128874
128872
128870
128868
128865
128864
128862
128860
128858
128856
128854
128852
128850
128848
128846
128844
128840
128838
128836
128834
128832
128830
128828
128826
128824
128817
128815
128813
128811
128808
128800
128798
128796
128794
128792
128790
128788
128786
128784
128782
128780
128778
128776
128774
128771
128769
128767
128765
128763
128761
128759
128757
128755
128753
128750
128748
128746
128744
128730
128728
128726
128724
128722
128720
128718
128716
128714
128712
128710
128708
128697
128692
128690
128464
128462
128460
128458
128456
128454
128452
128450
128448
128446
128444
128442
128440
128438
128436
128434
128432
128430
128428
128426
128424
128422
128420
128418
128416
128414
128412
128409
128407
128351
128349
128346
128343
128342
128339
128338
128336
128334
128331
128329
128328
128325
128324
128322
128320
128319
128317
128310
128298
128289
128274
128267
128261
128253
128247
128236
128229
128219
128215
128204
128172
128170
128168
128166
128164
128162
128160
128158
128156
128154
128152
128150
128148
128146
128145
128142
128140
128138
128136
128134
128132
128130
128127
128114
128110
128108
128106
128104
128102
128100
128098
128096
128094
128092
128090
128088
128086
128084
128082
128080
128078
128076
128074
128071
128068
128065
128062
128060
128054
128051
128048
128044
128042
128040
128038
128034
128032
128030
128029
128027
128025
128023
128021
128019
128017
128015
128013
128011
128009
128007
128005
128003
128001
127999
127997
127995
127993
127991
127989
127987
127985
127983
127981
127979
127977
127975
127973
127971
127969
127967
127965
127963
127961
127959
127957
127955
127953
127951
127949
127947
127945
127943
127941
127939
127937
127934
127931
127928
127925
127922
127919
127916
127911
127908
127904
127900
127896
127894
127892
127890
127888
127886
127883
127881
127879
127877
127875
127873
127871
127869
127867
127865
127863
127861
127859
127857
127855
127853
127851
127849
127847
127845
127843
127841
127839
127837
127835
127833
127831
127829
127827
127825
127823
127821
127819
127817
127815
127813
127811
127809
127807
127783
127781
127779
127777
127775
127773
127771
127769
127767
127765
127763
127761
127759
127757
127755
127753
127751
127749
127747
127745
127743
127741
127739
127737
127735
127733
127731
127729
127727
127724
127722
127720
127718
127716
127713
127708
127706
127704
127701
127700
127698
127696
127694
127692
127690
127688
127686
127684
127682
127680
127678
127676
127674
127672
127670
127668
127666
127664
127661
127660
127657
127656
127654
127652
127649
127647
127646
127643
127642
127639
127637
127635
127634
127267
127266
127265
127264
127263
127262
127261
127260
127259
127258
127257
127256
127255
127254
127253
127252
127251
127250
127249
127248
127247
127246
127245
127244
127243
127242
127241
127240
127239
127238
127237
127236
127235
127234
127233
127232
127231
127230
127229
127228
127227
127226
127225
127224
127223
127222
127221
127220
127219
127218
127217
127216
127215
127214
127213
127212
127211
127210
127209
127208
127207
127206
127205
127204
127203
127202
127201
127200
127199
127198
127197
127196
127195
127194
127193
127192
127191
127190
127189
127188
127187
127186
127185
127184
127183
127182
127181
127180
127179
127178
127177
127176
127175
127174
127173
127172
127171
127170
127169
127168
127167
127166
127165
127164
127163
127162
127161
127160
127159
127158
127157
127156
127155
127154
127153
127152
127151
127150
127149
127148
127147
127146
127145
127144
127143
127142
127141
127140
127139
127138
127137
127136
127135
127134
127133
127132
127131
127130
127129
127128
127127
127126
127125
127124
127123
127122
127121
127120
127119
127118
127117
127116
127115
127114
127113
127112
127111
127110
127109
127108
127107
127106
127105
127104
127103
127102
127101
127100
127099
127098
127097
127096
127095
127094
127093
127092
127091
127090
127089
127088
127087
127086
127085
127084
127083
127082
127081
127080
127079
127078
127077
127076
127075
127074
127073
127072
127071
127070
127069
127068
127067
127066
127065
127064
127063
127062
127061
127060
127059
127058
127057
127056
127055
127054
127053
127052
127051
127050
127049
127048
127047
127046
127045
127044
127043
127042
127041
127040
127039
127038
127037
127036
127035
127034
127033
127032
127031
127030
127029
127028
127027
127026
127025
127024
127023
127022
127021
127020
127019
127018
127017
127016
127015
127014
127013
127012
127011
127010
127009
127008
127007
127006
127005
127004
127003
127002
127001
127000
126999
126998
126997
126996
126995
126994
126993
126992
126991
126990
126989
126988
126987
126986
126985
126984
126983
126982
126981
126980
126979
126978
126977
126976
126975
126974
126973
126972
126971
126970
126969
126968
126967
126966
126965
126964
126963
126962
126961
126960
126959
126958
126957
126956
126955
126954
126953
126952
126951
126950
126949
126948
126947
126946
126945
126944
126943
126942
126941
126940
126939
126938
126937
126936
126935
126934
126933
126932
126931
126930
126929
126928
126927
126926
126925
126924
126923
126922
126921
126920
126919
126918
126917
126916
126915
126914
126913
126912
126911
126910
126909
126908
126907
126906
126905
126904
126903
126902
126901
126900
126899
126898
126897
126896
126895
126894
126893
126892
126891
126890
126889
126888
126887
126886
126885
126884
126883
126882
126881
126880
126879
126878
126877
126876
126875
126874
126873
126872
126871
126870
126869
126868
126867
126866
126865
126864
126862
126860
126858
126856
126854
126852
126850
126848
126846
126844
126842
126840
126838
126836
126834
126832
126830
126828
126826
126824
126822
126820
126818
126816
126814
126812
126810
126808
126806
126804
126802
126800
126798
126796
126794
126792
126790
126788
126786
126784
126782
126780
126778
126776
126774
126772
126770
126768
126766
126764
126762
126760
126758
126756
126754
126752
126750
126748
126746
126744
126742
126740
126738
126736
126734
126732
126730
126728
126726
126724
126722
126720
126718
126716
126714
126712
126710
126709
126707
126673
126671
126668
126666
126664
126663
126661
126659
126657
126655
126653
126651
126649
126646
126644
126643
126640
126639
126636
126634
126632
126630
126629
126626
126625
126622
126621
126618
126617
126614
126612
126611
126608
126607
126604
126602
126601
126598
126596
126595
126589
126587
126585
126583
126581
126579
126577
126575
126573
126571
126569
126567
126565
126563
126561
126559
126557
126555
126553
126551
126549
126547
126545
126543
126541
126539
126537
126535
126533
126531
126529
126527
126525
126523
126521
126515
126513
126511
126508
126506
126504
126502
126500
126498
126488
126486
126484
126482
126479
126476
126475
126472
126471
126468
126467
126464
126462
126461
126458
126456
126455
126453
126450
126449
126446
126445
126443
126441
126438
126436
126434
126433
126430
126428
126427
126424
126423
126421
126418
126416
126415
126413
126410
126408
126406
126404
126402
126401
126399
126397
126395
126393
126391
126389
126387
126385
126383
126381
126379
126377
126375
126373
126371
126369
126367
126365
126363
126361
126359
126357
126355
126353
126351
126349
126347
126345
126343
126341
126339
126337
126335
126333
126331
126329
126327
126325
126323
126321
126319
126317
126315
126313
126311
126309
126307
126305
126303
126301
126299
126297
126295
126293
126289
126287
126285
126283
126281
126279
126277
126275
126273
126271
126269
126267
126265
126263
126261
126259
126257
126255
126253
126251
126249
126247
126230
126228
126226
126223
126222
126220
126218
126216
126213
126212
126209
126208
126206
126204
126202
126199
126198
126196
126194
126191
126190
126187
126186
126183
126182
126179
126178
126176
126174
126172
126169
126168
126166
126164
126162
126160
126158
126156
126154
126152
126150
126148
126146
126143
126141
126139
126137
126135
126131
126128
126125
126122
126119
126116
126113
126097
126095
126093
126091
126089
126087
126084
126066
126064
126062
126060
126058
126056
126055
126054
126053
126050
126048
126046
126045
126043
126040
126038
126036
126034
126031
126029
126027
126025
126023
126021
126019
126017
126015
126011
126009
126007
126005
126002
125999
125995
125992
125989
125987
125985
125983
125979
125978
125976
125974
125972
125970
125968
125966
125956
125954
125952
125950
125948
125946
125944
125942
125939
125936
125934
125930
125928
125926
125924
125922
125920
125918
125913
125911
125909
125907
125905
125904
125903
125901
125900
125898
125897
125895
125893
125891
125890
125888
125885
125882
125880
125878
125876
125874
125872
125870
125868
125866
125864
125862
125834
125832
125830
125828
125827
125825
125823
125821
125820
125811
125809
125807
125805
125803
125801
125799
125797
125795
125793
125766
125764
125762
125760
125758
125756
125755
125753
125752
125750
125748
125747
125744
125743
125742
125740
125738
125736
125734
125732
125730
125729
125727
125725
125723
125721
125719
125717
125715
125713
125711
125709
125707
125705
125703
125697
125694
125691
125688
125685
125683
125680
125677
125674
125672
125669
125664
125661
125658
125656
125654
125651
125649
125646
125643
125640
125637
125634
125631
125625
125623
125621
125619
125617
125615
125613
125611
125609
125607
125605
125603
125602
125600
125598
125595
125593
125591
125589
125587
125585
125583
125582
125580
125578
125577
125575
125573
125571
125569
125567
125565
125564
125562
125560
125558
125556
125554
125552
125550
125548
125546
125544
125542
125540
125538
125536
125534
125530
125528
125526
125525
125523
125522
125520
125518
125516
125514
125512
125510
125509
125503
125502
125500
125498
125496
125494
125493
125490
125489
125487
125485
125483
125481
125480
125479
125477
125475
125473
125471
125470
125469
125467
125465
125462
125460
125459
125456
125455
125453
125452
125449
125448
125446
125443
125442
125441
125439
125437
125435
125433
125432
125430
125428
125427
125425
125423
125421
125418
125416
125415
125413
125411
125409
125407
125405
125402
125401
125400
125398
125393
125391
125390
125387
125382
125378
125376
125373
125372
125370
125368
125365
125364
125363
125361
125359
125357
125356
125353
125352
125351
125348
125347
125346
125343
125342
125340
125337
125336
125333
125332
125331
125328
125326
125325
125319
125318
125317
125315
125313
125311
125310
125309
125307
125305
125303
125301
125299
125297
125295
125294
125292
125291
125290
125288
125286
125285
125284
125282
125279
125277
125275
125273
125271
125270
125268
125266
125264
125262
125260
125259
125257
125255
125254
125252
125251
125249
125247
125245
125243
125241
125239
125237
125235
125233
125231
125229
125227
125224
125223
125222
125221
125219
125217
125215
125213
125211
125209
125207
125205
125203
125201
125199
125197
125195
125193
125191
125189
125187
125185
125183
125181
125179
125178
125176
125174
125173
125172
125170
125169
125167
125165
125163
125161
125159
125157
125155
125153
125151
125147
125145
125143
125141
125139
125137
125135
125133
125131
125129
125127
125125
125123
125121
125119
125117
125115
125113
125111
125109
125107
125105
125104
125102
125100
125098
125096
125094
125092
125090
125088
125086
125084
125082
125080
125078
125076
125074
125072
125070
125068
125066
125064
125062
125060
125058
125056
125054
125052
125050
125048
125046
125041
125039
125037
125035
125031
125029
125027
125025
125023
125021
125019
125017
125015
125013
125011
125009
125007
125005
125003
125001
124999
124997
124995
124994
124992
124990
124988
124986
124984
124982
124980
124978
124976
124974
124972
124970
124968
124966
124874
124868
124832
124830
124828
124826
124824
124822
124766
124752
124751
124750
124745
124699
124691
124681
124675
124668
124663
124660
124643
124636
124622
124620
124618
124616
124614
124612
124610
124608
124606
124604
124602
124600
124598
124594
124593
124591
124589
124587
124585
124583
124581
124579
124577
124575
124573
124571
124569
124567
124565
124563
124562
124560
124558
124556
124554
124552
124550
124548
124546
124544
124542
124540
124538
124536
124534
124532
124530
124528
124526
124524
124522
124521
124519
124517
124515
124513
124511
124509
124507
124505
124503
124501
124499
124497
124495
124493
124491
124489
124487
124485
124483
124481
124479
124477
124475
124474
124472
124470
124468
124466
124464
124462
124460
124458
124456
124454
124452
124448
124446
124444
124442
124440
124438
124436
124434
124432
124430
124428
124426
124423
124413
124410
124407
124405
124403
124401
124399
124394
124392
124390
124388
124386
124384
124382
124380
124378
124376
124374
124372
124370
124368
124365
124364
124362
124360
124358
124356
124354
124352
124350
124348
124346
124344
124342
124339
124337
124335
124333
124331
124329
124327
124325
124323
124321
124319
124318
124314
124312
124310
124308
124306
124304
124302
124300
124298
124296
124294
124292
124290
124288
124285
124283
124281
124279
124277
124275
124273
124270
124268
124266
124264
124262
124260
124258
124256
124254
124252
124250
124248
124246
124244
124242
124240
124238
124236
124234
124232
124230
124228
124226
124224
124222
124219
124217
124215
124213
124211
124209
124207
124205
124203
124200
124198
124196
124194
124192
124189
124168
124166
124164
124160
124158
124155
124153
124151
124149
124146
124143
124141
124138
124134
124132
124130
124128
124126
124122
124119
124117
124113
124112
124109
124107
124105
124103
124102
124100
124098
124096
124094
124092
124090
124088
124086
124083
124081
124079
124077
124075
124073
124071
124069
124067
124065
124063
124061
124059
124057
124055
124052
124050
124048
124046
124044
124042
124040
124038
124036
124034
124032
124030
124028
124026
124024
124022
124020
124018
124016
124014
124012
124010
124008
124006
124004
124002
124000
123998
123996
123994
123992
123990
123988
123986
123984
123982
123980
123978
123976
123974
123972
123970
123968
123966
123964
123962
123960
123958
123956
123954
123952
123950
123948
123946
123944
123941
123940
123938
123935
123933
123931
123929
123927
123925
123923
123921
123919
123917
123915
123897
123894
123892
123883
123880
123876
123865
123862
123859
123857
123855
123853
123851
123849
123847
123845
123843
123841
123839
123837
123835
123831
123829
123827
123825
123823
123820
123817
123815
123813
123811
123809
123807
123806
123804
123802
123798
123796
123794
123792
123790
123788
123786
123784
123781
123779
123724
123332
123331
123330
123329
123328
123327
123326
123325
123324
123323
123322
123321
123320
123319
123318
123317
123316
123315
123314
123313
123312
123311
123310
123309
123308
123307
123306
123305
123304
123303
123302
123301
123300
123299
123298
123297
123296
123295
123294
123293
123292
123291
123290
123289
123288
123287
123286
123285
123284
123283
123282
123281
123280
123279
123278
123277
123276
123275
123274
123273
123272
123271
123270
123269
123268
123267
123266
123265
123264
123263
123262
123261
123260
123259
123258
123257
123256
123255
123254
123253
123252
123251
123250
123249
123248
123247
123246
123245
123244
123243
123242
123241
123240
123239
123238
123237
123236
123235
123234
123233
123232
123231
123230
123229
123228
123227
123226
123225
123224
123223
123222
123221
123220
123219
123218
123217
123216
123215
123214
123213
123212
123211
123210
123209
123208
123207
123206
123205
123204
123203
123202
123201
123200
123199
123198
123197
123196
123195
123194
123193
123192
123191
123190
123189
123188
123187
123186
123185
123184
123183
123182
123181
123180
123179
123178
123177
123176
123175
123174
123173
123172
123171
123170
123169
123168
123167
123166
123165
123164
123163
123162
123161
123160
123159
123158
123157
123156
123155
123154
123153
123152
123151
123150
123149
123148
123147
123146
123145
123144
123143
123142
123141
123140
123139
123138
123137
123136
123135
123134
123133
123132
123131
123130
123129
123128
123127
123126
123125
123124
123123
123122
123121
123120
123119
123118
123117
123116
123115
123114
123113
123112
123111
123110
123109
123108
123107
123106
123105
123104
123103
123102
123101
123100
123099
123098
123097
123096
123095
123094
123093
123092
123091
123090
123089
123088
123087
123086
123085
123084
123083
123082
123081
123080
123079
123078
123077
123076
123075
123074
123073
123072
123071
123070
123069
123068
123067
123066
123065
123064
123063
123062
123061
123060
123059
123058
123057
123056
123055
123054
123053
123052
123051
123050
123049
123048
123047
123046
123045
123044
123043
123042
123041
123040
123039
123038
123037
123036
123035
123034
123033
123032
123031
123030
123029
123028
123027
123026
123025
123024
123023
123022
123021
123020
123019
123018
123017
123016
123015
123014
123013
123012
123011
123010
123009
123008
123007
123006
123005
123004
123003
123002
123001
123000
122999
122998
122997
122996
122995
122994
122993
122992
122991
122990
122989
122988
122987
122986
122985
122984
122983
122982
122981
122980
122979
122978
122977
122976
122975
122974
122973
122972
122971
122970
122969
122968
122967
122966
122965
122964
122963
122962
122961
122960
122949
122937
122935
122933
122931
122929
122927
122925
122923
122921
122919
122917
122915
122905
122903
122901
122899
122897
122882
122881
122880
122879
122878
122860
122857
122855
122853
122851
122849
122847
122845
122843
122841
122839
122837
122835
122833
122831
122829
122827
122825
122823
122821
122819
122817
122815
122813
122811
122809
122807
122804
122802
122800
122798
122796
122794
122792
122790
122788
122786
122784
122782
122780
122778
122776
122774
122772
122770
122768
122766
122763
122761
122759
122757
122755
122753
122750
122748
122745
122743
122741
122739
122737
122735
122733
122731
122729
122727
122725
122723
122721
122719
122717
122715
122713
122711
122709
122707
122705
122703
122701
122699
122697
122695
122693
122691
122689
122687
122685
122683
122681
122679
122677
122675
122673
122671
122669
122667
122665
122663
122661
122659
122657
122655
122653
122650
122648
122646
122644
122636
122635
122634
122633
122632
122631
122630
122621
122619
122617
122020
121602
121601
121600
121599
121598
121597
121596
121595
121594
121593
121592
121591
121590
121589
121588
121587
121586
121585
121584
121583
121582
121581
121580
121579
121578
121577
121576
121575
121574
121573
121572
121571
121570
121569
121568
121567
121566
121565
121564
121563
121562
121561
121560
121559
121558
121557
121556
121555
121554
121553
121552
121551
121550
121549
121548
121547
121546
121545
121544
121543
121542
121541
121540
121539
121538
121537
121536
121535
121534
121533
121532
121531
121530
121529
121528
121527
121526
121525
121524
121523
121522
121521
121520
121519
121518
121517
121516
121515
121514
121513
121512
121511
121510
121509
121508
121507
121506
121505
121504
121503
121502
121501
121500
121499
121498
121497
121496
121495
121494
121493
121492
121491
121490
121489
121488
121487
121486
121485
121484
121483
121482
121481
121480
121479
121478
121477
121476
121475
121474
121473
121472
121471
121470
121469
121468
121467
121466
121465
121464
121463
121462
121461
121460
121459
121458
121457
121456
121455
121454
121453
121452
121451
121450
121449
121448
121447
121446
121445
121444
121443
121442
121441
121440
121439
121438
121437
121436
121435
121434
121433
121432
121431
121430
121429
121428
121427
121426
121425
121424
