139859
139858
139857
139856
139855
139854
139853
139852
139851
139850
139849
139848
139847
139846
139845
139844
139843
139842
139841
139840
139839
139838
139837
139836
139835
139834
139833
139822
139821
139820
139819
139818
139817
139816
139815
139814
139813
139812
139811
139810
139809
139808
139807
139806
139805
139804
139803
139802
139801
139471
139469
139467
139463
139461
139459
139457
139276
139274
139273
139270
139269
139268
139267
139266
139265
139264
139263
139262
139261
139260
139259
139256
139255
139254
139252
139251
139250
139249
139248
139247
139246
139245
139244
139243
139242
139238
139237
139235
139234
139233
139232
139230
139229
139227
139226
139225
139224
139223
139222
139219
139218
139217
139215
139214
139213
139212
139211
139210
139209
139208
139207
139206
139204
139203
139201
139199
139196
139194
139192
139191
139190
139187
139185
139184
139183
139180
139179
139178
139176
139174
139172
139171
139170
139169
139168
139167
139164
139163
139162
139160
139159
139158
139157
139156
139155
139154
139151
139150
139149
139148
139146
139145
139144
139143
139141
139140
139139
139138
139137
139135
139133
139132
139131
139130
139128
139127
139125
139124
139123
139122
139121
139120
139119
139118
139117
139116
139114
139113
139112
139111
139110
139109
139108
139107
139106
139105
139104
139102
139101
139100
139098
139097
139096
139092
139091
139090
139089
139088
139087
139086
139082
139081
139080
139079
139078
139077
139076
139075
139073
139072
139071
139069
139067
139065
139064
139063
139062
139060
139059
139058
139057
139056
139054
139053
139052
139051
139050
139049
139047
139045
139044
139043
139041
139039
139038
139036
139035
139033
139032
139031
139030
139028
139025
139023
139022
139021
139020
139019
139018
139015
139014
139013
139012
139010
139008
139007
139006
139005
139003
139002
139001
138999
138996
138995
138994
138993
138992
138989
138988
138987
138986
138985
138984
138982
138981
138979
138978
138977
138976
138975
138973
138971
138970
138969
138968
138965
138964
138963
138962
138961
138960
138959
138958
138957
138955
138954
138953
138952
138951
138950
138949
138948
138947
138946
138945
138944
138943
138942
138940
138939
138937
138936
138935
138934
138933
138932
138930
138929
138928
138927
138926
138925
138924
138923
138922
138921
138920
138919
138918
138916
138914
138911
138910
138909
138908
138907
138903
138901
138899
138898
138897
138896
138895
138894
138893
138892
138891
138890
138889
138888
138887
138886
138885
138884
138883
138882
138881
138880
138879
138878
138877
138876
138875
138874
138873
138872
138871
138870
138869
138868
138867
138866
138865
138864
138863
138862
138861
138860
138858
138857
138856
138855
138854
138853
138852
138851
138848
138847
138844
138842
138841
138839
138837
138836
138835
138833
138832
138831
138830
138829
138828
138827
138826
138825
138823
138822
138821
138820
138819
138817
138814
138813
138811
138808
138807
138806
138805
138804
138803
138802
138801
138800
138799
138797
138796
138795
138794
138792
138791
138790
138789
138788
138787
138786
138785
138784
137732
137728
137655
137628
137626
137621
137619
137617
137615
137613
137595
137593
137591
137589
137586
137584
137581
137566
137564
137562
137560
137558
137556
137554
137553
137550
137545
137516
137512
137498
137494
137491
137488
137481
137473
137471
137469
137467
137465
137463
137461
137457
137456
137454
137451
137449
137447
137445
137443
137418
137414
137408
137406
137402
137396
137393
137390
137374
137372
137370
137368
137347
137343
137341
137339
137337
137334
137332
137330
137328
137301
137295
137293
137291
137289
137287
137285
137283
137280
137278
137276
137273
137245
137243
137241
137239
137237
137235
137195
137193
137191
137189
137186
137184
137181
137179
137177
137175
137173
137147
137145
137143
137140
137138
137135
137130
137127
137125
137119
137116
137114
137111
137109
137093
137090
137088
137086
137083
137081
137066
137064
137062
137060
137055
137050
137045
137043
137041
137039
137037
137035
137033
137031
137029
137027
137025
137023
137021
137019
137015
137012
137001
136998
136994
136989
136986
136982
136548
136545
136543
136541
136539
136537
136535
136533
136531
136529
136527
136525
136523
136520
136518
136516
136514
136512
136510
136508
136506
136503
136501
136498
136496
136494
136492
136489
136487
136485
136483
136480
136477
136474
136472
136470
136468
136466
136464
136462
136460
136458
136456
136454
136452
136449
136444
136442
136439
136436
136428
136426
136424
136417
136415
136411
136409
136406
136403
136401
136399
136394
136392
136390
136387
136384
136382
136380
136378
136376
136374
136372
136369
136367
136365
136363
136361
136359
136357
136355
136353
136351
136348
136346
136339
136337
136335
136333
136331
136329
136327
136325
136323
136321
136319
136313
136311
136309
136307
136305
136303
136301
136299
136297
136295
136293
136290
136288
136286
136284
136282
136280
136278
136276
136274
136272
136224
136212
136210
136208
136206
136204
136202
135783
135782
135781
135780
135779
135778
135777
135776
135775
135774
135773
135772
135771
135770
135769
135768
135767
135766
135765
135764
135763
135762
135761
135760
135759
135758
135757
135756
135755
135754
135753
135752
135751
135750
135749
135748
135747
135746
135745
135744
135743
135742
135741
135740
135739
135738
135737
135736
135735
135734
135733
135732
135731
135730
135729
135728
135727
135726
135725
135724
135723
135722
135721
135720
135719
135718
135717
135716
135715
135714
135713
135712
135711
135710
135709
135708
135707
135706
135705
135704
135703
135702
135701
135700
135699
135698
135697
135696
135695
135694
135693
135692
135691
135690
135689
135688
135687
135686
135685
135684
135683
135682
135681
135680
135679
135678
135677
135676
135675
135674
135673
135672
135671
135670
135669
135668
135667
135666
135665
135664
135663
135662
135661
135660
135659
135658
135657
135656
135655
135654
135653
135652
135651
135650
135649
135648
135647
135646
135645
135644
135643
135642
135641
135640
135639
135638
135637
135636
135635
135634
135633
135632
135631
135630
135629
135628
135627
135626
135625
135624
135623
135622
135621
135620
135619
135618
135617
135616
135615
135614
135613
135612
135611
135610
135609
135608
135607
135606
135605
135604
135603
135602
135601
135600
135599
135598
135597
135596
135595
135594
135593
135592
135591
135590
135589
135588
135587
135586
135585
135584
135583
135582
135581
135580
135579
135578
135577
135576
135575
135574
135573
135572
135571
135570
135569
135568
135567
135566
135565
135564
135563
135562
135561
135560
135559
135558
135557
135556
135555
135554
135553
135552
135551
135550
135549
135548
135547
135546
135545
135544
135543
135542
135541
135540
135539
135538
135537
135536
135535
135534
135533
135532
135531
135530
135529
135528
135527
135526
135525
135524
135523
135522
135521
135520
135519
135518
135517
135516
135515
135514
135513
135512
135511
135510
135509
135508
135507
135506
135505
135504
135503
135502
135501
135500
135499
135498
135497
135496
135495
135494
135493
135492
135491
135490
135489
135488
135487
135486
135485
135484
135483
135482
135481
135480
135479
135478
135477
135476
135475
135474
135473
135472
135471
135470
135469
135468
135467
135466
135465
135464
135463
135462
135461
135460
135459
135458
135457
135456
135455
135454
135453
135452
135451
135450
135449
135448
135447
135446
135445
135444
135443
135442
135441
135440
135439
135438
135437
135436
135435
135434
135433
135432
135431
135430
135429
135428
135427
135426
135425
135424
135423
135422
135421
135420
135419
135418
135417
135416
135415
135414
135413
135412
135411
135410
135409
135408
135407
135406
135405
135404
135403
135402
135401
135400
135399
135398
135397
135396
135395
135394
135393
135392
135391
135390
135389
135388
135387
135386
135385
135384
135383
135382
135381
135380
135379
135378
135377
135376
135375
135374
135373
135372
135371
135370
135369
135368
135367
135366
135365
135364
135363
135362
135361
135360
135359
135358
135357
135356
135355
135354
135353
135352
135351
135350
135349
135348
135347
135346
135345
135344
135343
135342
135341
135340
135339
135338
135337
135336
135335
135334
135333
135332
135331
135330
135329
135328
135327
135326
135325
135324
135323
135322
135321
135320
135319
135318
135317
135316
135315
135314
135313
135279
135277
135275
135273
135271
135269
135267
135265
135262
135260
135258
135192
135190
135188
135185
135182
135179
135170
135168
135166
135164
135162
135160
135158
135156
135154
135129
135127
135125
135123
135121
135119
135117
135091
135089
135087
135085
135083
135072
135070
135068
135066
135064
135062
135060
135059
135048
135046
135039
135037
135035
135032
135027
135024
135010
135008
135006
135004
135000
134998
134990
134936
134927
134925
134920
134918
134912
134910
134908
134906
134904
134902
134900
134898
134896
134833
134831
134829
134827
134825
134823
134821
134819
134817
134815
134801
134799
134788
134786
134784
134782
134780
134778
134776
134774
134772
134770
134768
134741
134739
134737
134735
134733
134730
134728
134726
134724
134722
134720
134718
134716
134690
134686
134684
134628
134626
134622
134620
134618
134616
134614
134612
134608
134606
134603
134600
134596
134594
134592
134588
134586
134583
134581
134579
134577
134575
134548
134545
134541
134539
134521
134519
134517
134514
134511
134509
134507
134505
134503
134489
134480
134466
134464
134462
134460
134433
134429
134427
134415
134413
134411
134409
134407
134405
134403
134401
134399
134397
134367
134365
134363
134361
134359
134357
134355
134353
134351
134349
134347
134345
134344
134343
134340
134320
134318
134316
134314
134310
134308
134306
134304
134300
134297
134295
134293
134291
134289
134287
134252
134250
134248
134246
134244
134242
134240
134238
134236
134234
134232
134230
134228
134219
134217
134215
134213
134211
134209
134205
134203
134201
134199
134197
134195
134193
134191
134189
134187
134185
134183
134181
134179
134177
134175
134173
134171
134169
134167
134165
134162
134160
134158
134156
134154
134152
134150
134148
134146
134144
134141
134139
134137
134135
134133
134131
134119
134117
134114
134111
134109
134107
134101
134091
134077
134070
134064
134062
134060
134058
134056
134054
134052
134050
134048
134046
134037
134035
134033
134031
134028
134027
134025
134023
134021
134019
134017
134015
134013
134011
134009
134004
134002
134000
133998
133996
133993
133991
133989
133987
133984
133983
133981
133979
133977
133975
133973
133971
133969
133967
133961
133957
133954
133953
133951
133949
133947
133945
133943
133805
133803
133801
133799
133797
133795
133793
133791
133789
133787
133785
133783
133781
133779
133777
133775
133773
133632
133628
133627
133625
133623
133567
133565
133563
133558
133556
133554
133552
133550
133541
133540
133539
133538
133537
133509
133496
133486
133366
133365
133364
133363
133362
133360
133356
133313
133311
133309
133307
133305
133303
133301
133299
133297
133295
133292
133290
133288
133286
133284
133282
133280
133278
133275
133273
133269
133267
133265
133263
133261
133259
133257
133255
133253
132902
132901
132900
132899
132898
132897
132896
132895
132894
132893
132892
132891
132890
132889
132888
132887
132886
132885
132884
132883
132882
132881
132880
132879
132878
132877
132876
132875
132874
132873
132872
132871
132870
132869
132868
132867
132866
132865
132864
132863
132862
132861
132860
132859
132858
132857
132856
132855
132854
132853
132852
132851
132850
132849
132848
132847
132846
132845
132844
132843
132842
132841
132840
132839
132838
132837
132836
132835
132834
132833
132832
132831
132830
132829
132828
132827
132826
132825
132824
132823
132822
132821
132820
132819
132818
132817
132816
132815
132814
132813
132812
132811
132810
132809
132808
132807
132806
132805
132804
132803
132802
132801
132800
132799
132798
132797
132796
132795
132794
132793
132792
132791
132790
132789
132788
132787
132786
132785
132784
132783
132782
132781
132780
132779
132778
132777
132776
132775
132774
132773
132772
132771
132770
132769
132768
132767
132766
132765
132764
132763
132762
132761
132760
132759
132758
132757
132756
132755
132754
132753
132752
132751
132750
132749
132748
132747
132746
132745
132744
132743
132742
132741
132740
132739
132738
132737
132736
132735
132734
132733
132732
132731
132730
132729
132728
132727
132726
132725
132724
132723
132722
132721
132720
132719
132718
132717
132716
132715
132714
132713
132712
132711
132710
132709
132708
132707
132706
132705
132704
132703
132702
132701
132700
132699
132698
132697
132696
132695
132694
132693
132692
132691
132690
132689
132688
132687
132686
132685
132684
132683
132682
132681
132680
132679
132678
132677
132676
132675
132674
132673
132672
132671
132670
132669
132668
132667
132666
132665
132664
132663
132662
132661
132660
132659
132658
132657
132656
132655
132654
132653
132652
132651
132650
132649
132648
132647
132646
132645
132644
132643
132642
132641
132640
132639
132638
132637
132636
132635
132634
132633
132632
132631
132630
132629
132628
132627
132626
132625
132624
132623
132622
132621
132620
132619
132618
132617
132616
132615
132614
132613
132612
132611
132610
132609
132608
132607
132606
132605
132604
132603
132602
132601
132600
132599
132598
132597
132596
132595
132594
132593
132592
132591
132590
132589
132588
132587
132586
132585
132584
132583
132582
132581
132580
132579
132578
132577
132576
132575
132574
132573
132572
132571
132570
132569
132568
132567
132566
132565
132564
132563
132562
132561
132560
132559
132558
132557
132556
132555
132554
132553
132552
132551
132550
132549
132548
132547
132546
132545
132544
132543
132542
132541
132540
132539
132538
132537
132536
132535
132534
132533
132532
132531
132530
132529
132528
132527
132526
132525
132524
132523
132522
132521
132520
132519
132518
132517
132516
132515
132514
132513
132512
132511
132510
132509
132508
132507
132506
132505
132504
132503
132498
132328
132326
132324
132322
132320
132318
132316
132314
132312
132310
132300
132297
132294
132289
132284
132280
132275
132272
132270
132265
132263
132261
132259
132257
132255
132253
132251
132249
132247
132245
132243
132241
132239
132237
132235
132233
132231
132220
132219
132218
132217
132216
132215
132214
132213
132212
132210
132195
132194
132193
132192
132177
132176
132175
132174
132173
132172
132171
132170
132166
132165
132164
132162
132161
132160
132158
132156
132155
132154
132153
132152
132151
132150
132136
132135
132134
132133
132132
132131
132130
132129
132128
132127
132126
132125
132124
132122
132117
132098
132095
132092
132090
132009
132008
132007
132006
132005
132004
132003
132002
131999
131996
131995
131994
131993
131992
131991
131987
131875
131872
131870
131868
131866
131864
131810
131808
131806
131804
131802
131800
131798
131796
131794
131792
131790
131788
131783
131780
131778
131776
131774
131772
131770
131768
131766
131760
131758
131756
131754
131752
131749
131747
131745
131744
131742
131740
131738
131736
131734
131732
131730
131728
131726
131722
131719
131716
131712
131708
131705
131702
131697
131695
131693
131691
131684
131681
131678
131676
131674
131669
131666
131663
131661
131608
131606
131604
131602
131593
131586
131584
131582
131580
131578
131570
131568
131566
131564
131562
131560
131558
131556
131554
131552
131544
131535
131527
131519
131511
131502
131477
131466
131463
131457
131436
131421
131411
131403
131396
131394
131392
131390
131388
131386
131384
130776
130774
130772
130770
130768
130766
130764
130762
130760
130758
130756
130755
130754
130753
130752
130751
130750
130749
130748
130747
130746
130745
130744
130743
130742
130741
130740
130739
130738
130737
130736
130735
130734
130733
130732
130731
130730
130729
130728
130727
130726
130725
130724
130723
130722
130721
130720
130719
130718
130717
130716
130715
130714
130713
130712
130711
130710
130709
130708
130707
130706
130705
130704
130703
130702
130701
130700
130699
130698
130697
130696
130695
130694
130693
130692
130691
130690
130689
130688
130687
130686
130685
130684
130683
130682
130681
130680
130679
130678
130677
130676
130675
130674
130673
130672
130671
130670
130669
130668
130667
130666
130665
130664
130663
130662
130661
130660
130659
130658
130657
130656
130655
130654
130653
130652
130651
130650
130649
130648
130647
130646
130645
130644
130643
130642
130641
130640
130639
130638
130637
130636
130635
130634
130633
130632
130631
130630
130629
130628
130627
130626
130625
130624
130623
130622
130621
130620
130619
130618
130617
130616
130615
130614
130613
130612
130611
130610
130609
130608
130607
130606
130605
130604
130603
130602
130601
130600
130599
130598
130597
130596
130595
130594
130593
130592
130591
130590
130589
130588
130587
130586
130585
130584
130583
130582
130581
130580
130579
130578
130577
130576
130575
130574
130573
130572
130571
130570
130569
130568
130567
130566
130565
130564
130563
130562
130561
130560
130559
130558
130557
130556
130555
130554
130553
130552
130551
130550
130549
130548
130547
130546
130545
130544
130543
130542
130541
130540
130539
130538
130537
130536
130535
130534
130533
130532
130531
130530
130529
130528
130527
130526
130525
130524
130523
130522
130521
130520
130519
130518
130517
130516
130515
130514
130513
130512
130511
130510
130509
130508
130507
130506
130505
130504
130503
130502
130501
130500
130499
130498
130497
130496
130495
130494
130493
130492
130491
130490
130489
130488
130487
130486
130485
130484
130483
130482
130481
130480
130479
130478
130477
130476
130475
130474
130473
130472
130471
130470
130469
130468
130467
130466
130465
130464
130463
130462
130461
130460
130459
130458
130457
130456
130455
130454
130453
130452
130451
130450
130449
130448
130447
130446
130445
130444
130443
130442
130441
130440
130439
130438
130437
130436
130435
130434
130433
130432
130431
130430
130429
130428
130427
130426
130425
130424
130423
130422
130421
130420
130419
130418
130417
130416
130415
130414
130413
130412
130411
130410
130409
130408
130407
130406
130405
130404
130403
130402
130401
130400
130399
130398
130397
130396
130395
130394
130393
130392
130391
130390
130389
130388
130387
130386
130385
130384
130383
130382
130381
130380
130379
130378
130377
130376
130375
130374
130373
130372
130371
130370
130369
130368
130367
130366
130365
130364
130363
130362
130361
130360
130359
130358
130357
130356
130355
130354
130353
130352
130351
130350
130349
130348
130347
130346
130345
130344
130343
130342
130341
130340
130339
130338
130337
130336
130335
130334
130333
130332
130331
130330
130329
130328
130327
130326
130325
130324
130323
130322
130321
130320
130319
130318
130317
130316
130315
130314
130313
130312
130311
130310
130309
130308
130307
130306
130305
130304
130303
130302
130301
130300
130299
130298
130297
130296
130295
130294
130293
130292
130291
130290
130289
130288
130287
130286
130285
130284
130283
130282
130281
130280
130279
130278
130277
130276
130275
130274
130273
130272
130271
130270
130269
130268
130267
130266
130265
130264
130263
130262
130261
130260
130259
130258
130257
130256
130255
130254
130253
130252
130251
130250
130249
130248
130247
130246
130245
130244
130243
130242
130241
130240
130239
130238
130236
130233
130231
130230
130228
130225
130223
130221
130219
130217
130216
130214
130212
130210
130199
130195
130192
130189
130185
130177
130175
130145
130143
130141
130139
130137
130135
130133
130131
130129
130127
130125
130123
130121
130119
130117
130115
130113
130111
130109
130107
130105
130103
130101
130099
130097
130096
130094
130085
130083
130081
130079
130077
130075
130073
130071
130069
130067
130065
130063
130061
130059
130055
130053
130051
130049
130047
130038
130036
130034
130032
130030
130028
130026
130024
130022
130020
130018
130016
130012
130010
130008
130006
130004
130002
130000
129998
129973
129970
129967
129965
129963
129961
129959
129955
129953
129951
129949
129947
129945
129944
129941
129940
129938
129929
129926
129920
129918
129916
129914
129912
129910
129909
129907
129905
129903
129901
129899
129896
129894
129892
129889
129887
129885
129884
129882
129880
129878
129876
129874
129872
129870
129862
129859
129857
129855
129853
129851
129849
129847
129845
129843
129841
129839
129837
129835
129833
129831
129829
129822
129820
129818
129816
129814
129812
129810
129808
129806
129804
129802
129800
129793
129791
129789
129787
129778
129776
129774
129772
129768
129766
129764
129762
129760
129758
129756
129755
129753
129751
129749
129747
129745
129743
129740
129738
129735
129733
129731
129729
129727
129725
129723
129720
129719
129717
129715
129714
129712
129709
129707
129706
129703
129700
129698
129695
129694
129692
129690
129688
129686
129683
129679
129678
129676
129663
129661
129652
129650
129648
129647
129646
129645
129644
129643
129642
129641
129639
129637
129635
129633
129631
129629
129627
129619
129616
129614
129612
129610
129607
129603
129601
129599
129597
129594
129592
129588
129586
129584
129582
129580
129578
129576
129574
129572
129570
129568
129566
129564
129562
129560
129558
129556
129554
129552
129551
129549
129547
129545
129543
129538
129537
129534
129530
129526
129522
129520
129518
129517
129515
129513
129511
129509
129507
129505
129503
129501
129498
129497
