99935
99925
99923
99798
99797
99796
99795
99794
99793
99792
99791
99790
99789
99788
99787
99786
99785
99784
99783
99782
99781
99780
99779
99778
99777
99776
99775
99774
99773
99772
99771
99770
99769
99768
99767
99766
99765
99764
99763
99762
99761
99760
99759
99758
99757
99756
99755
99754
99753
99752
99751
99750
99749
99748
99747
99746
99745
99744
99743
99742
99741
99740
99739
99738
99737
99736
99735
99734
99733
99732
99731
99730
99729
99728
99727
99726
99725
99724
99723
99722
99721
99619
99618
99617
99616
99615
99614
99613
99612
99611
99610
99609
99608
99607
99606
99605
99604
99603
99602
99601
99600
99599
99598
99597
99596
99595
99594
99593
99592
99591
99590
99589
99588
99587
99586
99585
99584
99583
99582
99581
99580
99579
99578
99577
99576
99575
99574
99573
99572
99571
99570
99569
99568
99567
99566
99565
99564
99563
99562
99561
99560
99559
99558
99557
99556
99555
99554
99553
99552
99551
99550
99549
99548
99547
99546
99545
99544
99543
99542
99541
99540
99539
99538
99537
99536
99535
99534
99533
99532
99531
99530
99529
99528
99527
99526
99525
99524
99523
99522
99521
99520
99519
99416
99415
99414
99413
99412
99411
99410
99409
99408
99407
99406
99405
99404
99403
99402
99401
99400
99399
99398
99397
99396
99395
99394
99393
99392
99391
99390
99389
99388
99387
99386
99385
99384
99383
99382
99381
99380
99379
99378
99377
99376
99375
99374
99373
99372
99371
99370
99369
99368
99367
99366
99365
99364
99363
99362
99361
99360
99359
99358
99357
99356
99355
99354
99353
99352
99351
99350
99349
99348
99347
99346
99345
99344
99343
99342
99341
99340
99339
99338
99337
99336
99335
99334
99333
99332
99331
99330
99329
99328
99327
99326
99325
99324
99323
99322
99321
99320
99319
99318
99317
99316
99315
99215
99214
99213
99212
99211
99210
99209
99208
99207
99206
99205
99204
99203
99202
99201
99200
99199
99198
99197
99196
99195
99194
99193
99192
99191
99190
99189
99188
99187
99186
99185
99184
99183
99182
99181
99180
99179
99178
99177
99176
99175
99174
99173
99172
99171
99170
99169
99168
99167
99166
99165
99164
99163
99162
99161
99160
99159
99158
99157
99156
99155
99154
99153
99152
99151
99150
99149
99148
99147
99146
99145
99144
99143
99142
99141
99140
99139
99138
99137
99136
99135
99134
99133
99132
99131
99130
99129
99128
99127
99126
99125
99124
99123
99122
99121
99120
99119
99118
99117
99013
99012
99011
99010
99009
99008
99007
99006
99005
99004
99003
99002
99001
99000
98999
98998
98997
98996
98995
98994
98993
98992
98991
98990
98989
98988
98987
98986
98985
98984
98983
98982
98981
98980
98979
98978
98977
98976
98975
98974
98973
98972
98971
98970
98969
98968
98967
98966
98965
98964
98963
98962
98961
98960
98959
98958
98957
98956
98955
98954
98953
98952
98951
98950
98949
98948
98947
98946
98945
98944
98943
98942
98941
98940
98939
98938
98937
98936
98935
98934
98933
98932
98931
98930
98929
98928
98927
98926
98925
98924
98923
98922
98921
98920
98919
98918
98917
98916
98915
98914
98913
98912
98911
98808
98807
98806
98805
98804
98803
98802
98801
98800
98799
98798
98797
98796
98795
98794
98793
98792
98791
98790
98789
98788
98787
98786
98785
98784
98783
98782
98781
98780
98779
98778
98777
98776
98775
98774
98773
98772
98771
98770
98769
98768
98767
98766
98765
98764
98763
98762
98761
98760
98759
98758
98757
98756
98755
98754
98753
98752
98751
98750
98749
98748
98747
98746
98745
98744
98743
98742
98741
98740
98739
98738
98737
98736
98735
98734
98733
98732
98731
98730
98729
98728
98727
98726
98725
98724
98723
98722
98721
98720
98719
98718
98717
98716
98715
98714
98713
98712
98711
98710
98709
98708
98707
98604
98603
98602
98601
98600
98599
98598
98597
98596
98595
98594
98593
98592
98591
98590
98589
98588
98587
98586
98585
98584
98583
98582
98581
98580
98579
98578
98577
98576
98575
98574
98573
98572
98571
98570
98569
98568
98567
98566
98565
98564
98563
98562
98561
98560
98559
98558
98557
98556
98555
98554
98553
98552
98551
98550
98549
98548
98547
98546
98545
98544
98543
98542
98541
98540
98539
98538
98537
98536
98535
98534
98533
98532
98531
98530
98529
98528
98527
98526
98525
98524
98523
98522
98521
98520
98519
98518
98517
98516
98515
98514
98513
98512
98511
98510
98509
98508
98507
98506
98505
98504
98503
97986
97985
97984
97983
97982
97981
97980
97979
97978
97977
97976
97975
97974
97973
97972
97971
97970
97969
97968
97967
97966
97965
97963
97962
97961
97960
97959
97958
97957
97956
97955
97954
97953
97952
97951
97950
97949
97948
97947
97946
97945
97944
97943
97942
97941
97940
97939
97938
97937
97936
97935
97934
97933
97932
97931
97930
97929
97928
97927
97926
97925
97924
97923
97922
97921
97920
97919
97918
97917
97916
97915
97914
97913
97912
97911
97910
97909
97908
97907
97906
97905
97904
97903
97902
97901
97900
97899
97898
97897
97896
97895
97894
97893
97892
97891
97890
97889
97888
97887
97886
97885
97884
97883
97882
97881
97880
97879
97878
97848
97846
97844
97843
97842
97835
97827
97825
97824
97823
97820
97814
97784
97783
97782
97781
97777
97776
97775
97774
97269
97268
97267
97266
97265
97264
97263
97262
97261
97260
97259
97258
97257
97256
97255
97254
97253
97252
97251
97250
97249
97248
97247
97246
97245
97244
97243
97242
97241
97240
97239
97238
97237
97236
97235
97234
97233
97232
97231
97230
97229
97228
97227
97226
97225
97224
97223
97222
97221
97220
97219
97218
97217
97216
97215
97214
97213
97212
97211
97210
97209
97208
97207
97206
97205
97204
97203
97202
97201
97200
97199
97198
97197
97196
97195
97194
97193
97192
97191
97190
97189
97188
97187
97186
97185
97184
97183
97182
97181
97180
97179
97178
97177
97176
97175
97174
97173
97172
97171
97170
97169
97168
97167
97166
97165
97164
97163
97162
97161
97160
97159
97158
97157
97156
97155
97154
97153
97152
97151
97150
97149
97148
97147
97146
97145
97144
97143
97142
97141
97140
97139
97138
97137
97136
97135
97134
97133
97132
97131
97130
97129
97128
97127
97126
97125
97124
97123
97122
97121
97120
97119
97118
97117
97116
97115
97114
97113
97112
97111
97110
97109
97108
97107
97106
97105
97104
97103
97102
97101
97100
97099
97098
97097
97096
97095
97094
97093
97092
97091
97090
97089
97088
97087
97086
97085
97084
97083
97082
97081
97080
97079
97078
97077
97076
97075
97074
97073
97072
97071
97070
97069
97068
97067
97066
97065
97064
97063
97062
97061
97060
97059
97058
97057
97056
97055
97054
97053
97052
97051
97050
97049
97048
97047
97046
97045
97044
97043
97042
97041
97040
97039
97038
97037
97036
97035
97034
97033
97032
97031
97030
97029
97028
97027
97026
97025
97024
97023
97022
97021
97020
97019
97018
97017
97016
97015
97014
97013
97012
97011
97010
97009
97008
97007
97006
97005
97004
97003
97002
97001
97000
96999
96998
96997
96996
96995
96994
96993
96992
96991
96990
96989
96988
96987
96986
96985
96984
96983
96982
96981
96980
96979
96978
96977
96976
96975
96974
96973
96972
96971
96970
96969
96968
96967
96966
96965
96964
96963
96962
96961
96960
96959
96958
96957
96956
96955
96954
96953
96952
96951
96950
96949
96948
96947
96946
96945
96944
96943
96942
96941
96940
96939
96938
96937
96936
96935
96934
96933
96932
96931
96930
96929
96928
96927
96926
96925
96924
96923
96922
96921
96920
96919
96918
96917
96916
96915
96914
96913
96912
96911
96910
96909
96908
96907
96906
96905
96904
96903
96902
96901
96900
96899
96898
96897
96896
96895
96894
96893
96892
96891
96890
96889
96888
96887
96886
96885
96884
96883
96882
96881
96880
96879
96878
96877
96876
96875
96874
96873
96872
96871
96870
96869
96868
96867
96866
96865
96864
96863
96862
96861
96860
96859
96858
96857
96856
96855
96854
96853
96852
96851
96850
96849
96848
96847
96846
96845
96844
96843
96842
96841
96840
96839
96838
96837
96836
96835
96834
96833
96832
96831
96830
96829
96828
96827
96826
96825
96824
96823
96822
96821
96820
96819
96818
96817
96816
96815
96814
96813
96812
96811
96810
96809
96808
96807
96806
96805
96804
96803
96802
96801
96800
96799
96798
96797
96796
96795
96794
96793
96792
96791
96790
96789
96788
96787
96786
96785
96784
96783
96782
96781
96780
96779
96778
96777
96776
96775
96774
96773
96772
96771
96770
96769
96768
96767
96766
96765
96764
96763
96762
96761
96760
96759
96758
96757
96756
96755
96754
96753
96752
96751
96750
96749
96748
96747
96746
96745
96744
96743
96742
96741
96740
96739
96738
96737
96736
96735
96734
96733
96732
96731
96730
96729
96728
96727
96726
96725
96724
96723
96722
96721
96720
96719
96718
96717
96716
96715
96714
96713
96712
96711
96710
96709
96708
96707
96706
96705
96704
96703
96702
96701
96700
96699
96698
96697
96696
96695
96694
96693
96692
96691
96690
96689
96688
96687
96686
96685
96684
96683
96682
96681
96680
96679
96678
96677
96676
96675
96674
96673
96672
96671
96670
96669
96668
96667
96666
96665
96664
96663
96662
96661
96155
96154
96152
95819
95811
95771
95757
95756
95754
95679
95674
95669
95667
95665
95663
95661
95659
95656
95651
95650
95649
95645
95643
95625
95624
95623
95622
95621
95620
95619
95615
95613
95611
95609
95607
95605
95603
95601
95599
95597
95595
95593
95591
95589
95587
95585
95583
95580
95579
95577
95574
95573
95566
95562
95559
95557
95555
95553
95551
95255
95254
95253
95252
95251
95250
95249
95248
95247
95246
95245
95244
95243
95242
95241
95240
95239
95238
95237
95236
95235
95234
95233
95232
95231
95230
95229
95228
95227
95226
95225
95224
95223
95222
95221
95220
95219
95218
95217
95216
95215
95214
95213
95212
95211
95210
95209
95208
95207
95206
95205
95204
95203
95202
95201
95200
95199
95198
95197
95196
95195
95194
95193
95192
95191
95190
95189
95188
95187
95186
95185
95184
95183
95182
95181
95180
95179
95178
95177
95176
95175
95174
95173
95172
95171
95170
95169
95168
95167
95166
95165
95164
95163
95162
95161
95160
95159
95158
95157
95156
95155
95154
95153
95152
95151
95150
95149
95148
95147
95146
95145
95144
95143
95142
95141
95140
95139
95138
95137
95136
95135
95134
95133
95132
95131
95130
95129
95128
95127
95126
95125
95124
95123
95122
95121
95120
95119
95118
95117
95116
95115
95114
95113
95112
95111
95110
95109
95108
95107
95106
95105
95104
95103
95102
95101
95100
95099
95098
95097
95096
95095
95094
95093
95092
95091
95090
95089
95088
95087
95086
95085
95084
95083
95082
95081
95080
95079
95078
95077
95076
95075
95074
95073
95072
95071
95070
95069
95068
95067
95066
95065
95064
95063
95062
95061
95060
95059
95058
95057
95056
95055
95054
95053
95052
95051
95050
95049
95048
95047
95046
95045
95044
95043
95042
95041
95040
95039
95038
95037
95036
95035
95034
95033
95032
95031
95030
95029
95028
95027
95026
95025
95024
95023
95022
95021
95020
95019
95018
95017
95016
95015
95014
95013
95012
95011
95010
95009
95008
95007
95006
95005
95004
95003
95002
95001
95000
94999
94998
94997
94996
94995
94994
94993
94992
94991
94990
94989
94988
94987
94986
94985
94984
94983
94982
94981
94980
94979
94978
94977
94976
94975
94974
94973
94972
94971
94970
94969
94968
94967
94966
94965
94964
94963
94962
94961
94960
94959
94958
94957
94956
94955
94954
94953
94952
94951
94950
94949
94948
94947
94946
94945
94944
94943
94942
94941
94940
94939
94938
94937
94936
94935
94934
94933
94932
94931
94930
94929
94928
94927
94926
94925
94924
94923
94922
94921
94920
94919
94918
94917
94916
94915
94914
94913
94912
94911
94910
94909
94908
94907
94906
94905
94904
94903
94195
94191
94189
94187
94185
94183
94181
94179
94177
94175
94154
94136
93942
93941
93939
93938
93937
93936
93907
93905
93899
93847
93845
93017
92952
92944
92922
92690
92620
92411
92410
92409
92408
92407
92406
92405
92404
92403
92402
92401
92400
92399
92398
92397
92396
92395
92394
92393
92392
92391
92390
92389
92388
92387
92386
92385
92384
92383
92382
92381
92380
92379
92378
92377
92376
92375
92374
92373
92372
92371
92370
92369
92368
92367
92366
92365
92364
92363
92362
92361
92360
92359
92358
92357
92356
92355
92354
92353
92352
92351
92350
92349
92348
92347
92346
92345
92344
92343
92342
92341
92340
92339
92338
92337
92336
92335
92334
92333
92332
92331
92330
92329
92328
92327
92326
92325
92324
92323
92322
92321
92320
92319
92318
92317
92316
92315
92314
92313
92312
92311
92310
92309
92308
92307
92306
92305
92304
92303
92302
92301
92300
92299
92298
92297
92296
92295
92294
92293
92292
92291
92290
92289
92288
92287
92286
92285
92284
92283
92282
92281
92280
92279
92278
92277
92276
92275
92274
92273
92272
92271
92270
92269
92268
92267
92266
92265
92264
92263
92262
92261
92260
92259
92258
92257
92256
92255
92254
92253
92252
92251
92250
92249
92248
92247
92246
92245
92244
92243
92242
92241
92240
92239
92238
92237
92236
92235
92234
92233
92232
92231
92230
92229
92228
92227
92226
92225
92224
92223
92222
92221
92220
92219
92218
92217
92216
92215
92214
92213
92212
92211
92210
92209
92208
92207
92206
92205
92204
92203
92202
92201
92200
92199
92198
92197
92196
92195
92194
92193
92192
92191
92190
92189
92188
92187
92186
92185
92184
92183
92182
92181
92180
92179
92178
92177
92176
92175
92174
92173
92172
92171
92170
92169
92168
92167
92166
92165
92164
92163
92162
92161
92160
92159
92158
92157
92156
92155
92154
92153
92152
92142
92141
92140
92139
92137
92134
91315
91313
87024
87023
87022
87021
87020
87019
87018
87017
87016
87015
87014
87013
87012
87011
87010
87009
87008
87007
87006
87005
87004
87003
87002
87001
87000
86999
86998
86997
86996
86995
86994
86993
86992
86991
86990
86989
86988
86987
86986
86985
86984
86983
86982
86981
86980
86979
86978
86977
86976
86975
86974
86973
86972
86971
86970
86969
86968
86967
86966
86965
86964
86963
86962
86961
86960
86959
86958
86957
86956
86955
86954
86953
86952
86951
86950
86949
86948
86947
86946
86945
86944
86943
86942
86941
86940
86939
86938
86937
86936
86935
86934
86933
86932
86931
86930
86929
86928
86927
86926
86925
86924
86923
86922
86921
86920
86919
86918
86917
86916
86915
86914
86913
86912
86911
86910
86909
86908
86907
86906
86905
86904
86903
86902
86901
86900
86899
86898
86897
86896
86895
86894
86893
86892
86891
86890
86889
86888
86887
86886
86885
86884
86883
86882
86881
86880
86879
86878
86877
86876
86875
86874
86873
86872
86871
86870
86869
86868
86867
86866
86865
86864
86863
86862
86861
86860
86859
86858
86857
86856
86855
86854
86853
86852
86851
86850
86849
86848
86847
86846
86845
86844
86843
86842
86841
86840
86839
86838
86837
86836
86835
86834
86833
86832
86831
86830
86829
86828
86827
86826
86825
86824
86823
86822
86821
86820
86819
86818
86817
86816
86815
86814
86813
86812
86811
86810
86809
86808
86807
86806
86805
86804
86803
86802
86801
86800
86799
86798
86797
86796
86795
86794
86793
86792
86791
86790
86789
86788
86787
86786
86785
86784
86783
86782
86781
86780
86779
86778
86777
86776
86775
86774
86773
86772
86771
86770
86769
86768
86767
86766
86765
86764
86763
86762
86761
86760
86759
86758
86757
86756
86755
86754
86753
86752
86751
86750
86749
86748
86747
86746
86745
86744
86743
86742
86741
86740
86739
86738
86737
86736
86735
86734
86733
86732
86731
86730
86729
86728
86727
86726
86725
86724
86723
86722
86721
86720
86719
86718
86717
86716
86715
86714
86713
86712
86711
86710
86709
86708
86707
86706
86705
86704
86703
86702
86701
86700
86699
86698
86697
86696
86695
86694
86693
86692
86691
86690
86689
86688
86687
86686
86685
86684
86683
86682
86681
86680
86679
86678
86677
86676
86675
86674
86673
86672
86671
86670
86669
86668
86667
86666
86665
86664
86663
86662
86661
86660
86659
86658
86657
86656
86655
86654
86653
86652
86651
86650
86649
86648
86647
86646
86645
86644
86643
86642
86641
86640
86639
86638
86637
86636
86635
86634
86633
86632
86631
86630
86629
86628
86627
86626
86625
86624
86623
86622
86621
86620
86619
86618
86617
86616
86615
86614
86613
86612
86611
86610
86609
86608
86607
86606
86605
86604
86603
86602
86601
86600
86599
86598
86597
86596
86595
86594
86593
86592
86591
86590
86589
86588
86587
86586
86585
86584
86583
86582
86581
86580
86579
86578
86577
86576
86575
86574
86573
86572
86571
86570
86569
86568
86567
86566
86565
86564
86563
86562
86561
86560
86559
86558
86557
86556
86555
86554
86553
86552
86551
86550
86549
86548
86547
86546
86545
86544
86543
86542
86541
86540
86539
86538
86537
86536
86535
86534
86533
86532
86531
86530
86529
86528
86527
86526
86525
86524
86523
86522
86521
86520
86519
86518
86517
86516
86515
86514
86513
86512
86511
86510
86509
86508
86507
86506
86505
86504
86503
86502
86073
86072
86071
86070
86069
86068
86067
86066
86065
86064
86063
86062
86061
86060
86059
86058
86057
86056
86055
86054
86053
86052
86051
86050
86049
85962
85961
85960
85959
85958
85957
85956
85955
85954
85953
85952
85951
85950
85949
85948
85947
85946
85945
85944
85943
85942
85941
85940
85939
85938
85937
85936
85935
85934
85933
85932
85931
85930
85929
85928
85927
85926
85925
85924
85923
85922
85921
85920
85919
85918
85917
85916
85915
85914
85913
85912
85911
85910
85909
85908
85907
85906
85905
85904
85903
85902
85901
85900
85899
85898
85897
85896
85895
85894
85893
85892
85891
85890
85889
85888
85887
85886
85885
85884
85883
85882
85881
85880
85879
85878
85877
85665
85664
85663
85662
85661
85660
85659
85658
85657
85656
85655
85654
85653
85652
85651
85650
85649
85648
85647
85646
85645
85644
85643
85642
85641
85640
85639
85638
85637
85636
85635
85634
85633
85632
85631
85630
85629
85628
85627
85586
85585
85584
85583
85582
85581
85580
85579
85578
85577
85576
85575
85574
85573
85572
85571
85570
85569
85568
85567
85566
85565
85564
85563
85562
85561
85560
85559
85558
85557
85556
85555
85554
85553
85552
85551
85550
85549
85548
85547
85219
85218
85217
85216
85215
85214
85213
85212
85211
85210
85209
85207
85206
85205
85204
85203
85202
85201
85200
85199
85198
85197
85196
85195
85194
85193
85192
85191
85190
85189
85188
85187
85186
85185
85184
85183
85182
85181
85180
85179
85178
85177
85176
85175
85174
85173
85172
85171
85170
85169
85168
85167
85166
85165
85164
85163
85162
85161
85160
85159
85158
85157
85156
85155
85154
85153
85152
85151
85150
85149
85148
85147
85146
85145
85144
85143
85142
85141
85140
85139
85138
85137
85136
85135
85134
85133
85132
85131
85130
85129
85128
85127
85126
85125
85124
85123
85122
85121
85120
85119
85118
85117
85116
85115
85114
85113
85112
85111
85110
85109
85108
85107
85106
85105
85104
85103
85102
85101
85100
85099
85098
85097
85096
85095
85094
85093
85092
85091
85090
85089
85088
85087
85086
85085
85084
85083
85082
85081
85080
85079
85078
85077
85076
85075
85074
85073
85072
85071
85070
85069
85068
