110155
110154
110153
110152
110151
110150
110149
110148
110147
110146
110145
110144
110143
110142
110141
110140
110139
110138
110137
110136
110135
110134
110133
110132
110131
110130
110129
110128
110127
110126
110125
110124
110123
110122
110118
110117
110116
110115
110114
110113
110112
110111
110110
110109
110108
110107
110106
110105
110104
110103
110102
110101
110100
110099
110098
110097
110096
110095
110094
110093
110092
110091
110090
110089
110087
110086
110085
110084
110083
110082
110081
110079
110078
110077
110076
110075
110074
110073
110072
110071
110070
110069
110068
110067
110066
110065
110064
110063
110062
110061
110060
110059
110058
110057
110056
110055
110054
110053
110052
110051
110050
110049
110048
110047
110046
110045
110044
110043
110042
110041
110040
110039
110038
110037
110036
110035
110034
110033
110032
110031
110030
110029
110028
110026
110025
110024
110023
110022
110021
110020
110019
110018
110017
110016
110015
110014
110013
110012
110011
110010
110009
110008
110007
110006
110005
110004
110003
110002
110001
110000
109999
109998
109997
109996
109995
109994
109992
109991
109989
109988
109987
109986
109985
109983
109982
109981
109980
109979
109978
109977
109976
109975
109974
109973
109972
109971
109970
109969
109968
109967
109966
109965
109964
109963
109962
109961
109960
109959
109958
109957
109956
109955
109954
109953
109952
109951
109950
109949
109948
109947
109946
109944
109943
109942
109941
109940
109939
109938
109937
109936
109935
109934
109933
109931
109930
109929
109928
109927
109926
109925
109924
109923
109922
109921
109920
109919
109918
109917
109916
109914
109913
109898
109897
109896
109895
109894
109893
109892
109891
109890
109889
109888
109887
109886
109885
109884
109883
109882
109881
109880
109879
109878
109877
109876
109875
109874
109873
109868
109866
109865
109864
109862
109861
109860
109858
109857
109856
109855
109854
109853
109852
109850
109849
109848
109847
109846
109845
109844
109843
109842
109841
109840
109839
109838
109837
109836
109835
109834
109833
109832
109831
109830
109829
109828
109827
109826
109825
109824
109823
109822
109821
109820
109819
109818
109817
109816
109815
109814
109813
109812
109811
109810
109809
109808
109807
109806
109805
109804
109803
109802
109801
109800
109799
109798
109797
109796
109795
109794
109793
109792
109791
109790
109789
109788
109787
109786
109785
109784
109783
109782
109781
109780
109779
109778
109777
109776
109775
109774
109773
109772
109771
109770
109769
109768
109767
109766
109765
109764
109763
109762
109761
109760
109759
109758
109757
109756
109755
109754
109753
109752
109751
109750
109749
109748
109746
109744
109743
109742
109741
109740
109739
109738
109737
109736
109735
109734
109733
109732
109731
109730
109729
109728
109727
109726
109725
109724
109723
109722
109721
109720
109719
109718
109717
109716
109715
109714
109713
109712
109711
109710
109709
109708
109707
109706
109705
109704
109703
109702
109701
109700
109699
109698
109697
109696
109694
109693
109692
109691
109690
109689
109688
109687
109686
109685
109684
109683
109682
109681
109680
109679
109678
109677
109675
109674
109673
109672
109671
109670
109669
109668
109667
109666
109665
109664
109663
109662
109661
109660
109659
109658
109657
109656
109655
109654
109653
109652
109651
109650
109649
109648
109647
109646
109645
109644
109643
109642
109641
109640
109639
109638
109637
109636
109635
109634
109633
109632
109631
109630
109629
109628
109627
109626
109625
109624
109623
109622
109621
109620
109619
109618
109617
109616
109615
109613
109588
109587
109586
109585
109584
109582
109581
109580
109579
109578
109577
109576
109575
109574
109573
109572
109571
109570
109569
109568
109567
109566
109565
109564
109563
109557
109556
109555
109554
109553
109552
109551
109550
109549
109548
109547
109546
109545
109544
109543
109542
109541
109540
109539
109538
109537
109536
109535
109534
109533
109532
109531
109530
109367
109366
109365
109364
109363
109362
109361
109360
109359
109358
109357
109356
109355
109354
109353
109352
109351
109350
109349
109348
109347
109346
109345
109344
109343
109342
109341
109340
109339
109338
109337
109336
109335
109334
109331
109330
109329
109328
109327
109326
109325
109324
109323
109322
109321
109320
109319
109318
109317
109314
109313
109312
109311
109310
109309
109308
109307
109306
109305
109304
109303
109302
109301
109300
109299
109298
109297
109296
109295
109294
109293
109292
109290
109287
109275
109274
109273
109272
109271
109270
109269
109268
109267
109266
109265
109264
109263
109262
109260
109259
109258
109257
109256
109255
109254
109253
109252
109250
109249
109248
109247
109246
108953
108952
108950
108949
108946
108923
108922
108919
108918
108916
108915
108897
108895
108891
108890
108888
108886
108884
108883
108876
108874
108871
108869
108868
108865
108864
108860
108859
108858
108857
108852
108843
108841
108840
108839
108838
108837
108836
108835
108834
108833
108832
108831
108830
108829
108828
108827
108825
108824
108812
108810
108809
108808
108806
108805
108802
108801
108800
108799
108797
108793
108792
108791
108790
108789
108787
108786
108785
108784
108783
108782
108781
108780
108778
108777
108776
108775
108774
108768
108767
108766
108765
108764
108763
108761
108760
108759
108758
108756
108755
108754
108753
108752
108751
108748
108746
108745
108741
108740
108738
108737
108736
108735
108733
108731
108730
108729
108682
108677
108676
108671
108670
108669
108668
108667
108666
108665
108664
108663
108662
108661
108660
108659
108658
108657
108656
108655
108654
108653
108652
108651
108650
108649
108648
108647
108646
108645
108644
108643
108642
108641
108640
108639
108638
108637
108636
108635
108634
108633
108632
108631
108630
108629
108628
108627
108626
108625
108624
108623
108622
108621
108620
108618
108617
108616
108615
108614
108613
108612
108611
108610
108609
108608
108607
108606
108605
108604
108603
108602
108601
108597
108596
108591
108586
108583
108582
108581
108580
108347
108345
108330
108269
108268
108267
108266
108265
108264
108263
108262
108261
108260
108259
108257
108256
108255
108254
108253
108252
108251
108250
108249
108248
108247
108246
108245
108244
108243
108242
108241
108240
108239
108238
108237
108235
108234
108233
108232
108231
108230
108229
108228
108227
108226
108224
108223
108222
108221
108220
108219
108218
108216
108215
107921
107920
107919
107918
107917
107916
107915
107914
107913
107912
107911
107910
107909
107908
107907
107906
107905
107904
107903
107902
107901
107900
107899
107898
107897
107896
107895
107894
107893
107892
107891
107890
107889
107888
107887
107886
107885
107884
107883
107882
107881
107880
107879
107878
107877
107876
107875
107874
107873
107872
107871
107870
107869
107868
107867
107866
107865
107864
107863
107862
107861
107860
107859
107858
107857
107856
107855
107854
107853
107852
107851
107850
107849
107848
107847
107846
107845
107844
107843
107842
107841
107840
107839
107838
107837
107836
107835
107834
107833
107832
107831
107830
107829
107828
107827
107826
107825
107824
107823
107822
107821
107820
107819
107818
107817
107816
107815
107814
107813
107812
107811
107810
107809
107808
107807
107806
107805
107804
107803
107802
107801
107800
107799
107798
107797
107796
107795
107794
107793
107792
107791
107790
107789
107788
107787
107786
107785
107784
107783
107782
107781
107780
107779
107778
107777
107776
107775
107774
107773
107772
107771
107770
107769
107768
107767
107766
107765
107764
107763
107762
107761
107760
107759
107758
107757
107756
107755
107754
107753
107752
107751
107750
107749
107748
107747
107746
107745
107744
107743
107742
107741
107740
107739
107738
107737
107736
107735
107734
107733
107732
107731
107730
107729
107728
107727
107726
107725
107724
107723
107722
107721
107720
107719
107718
107717
107716
107715
107714
107712
107711
107710
107709
107708
107707
107706
107705
107704
107703
107702
107701
107700
107699
107698
107697
107696
107695
107694
107693
107692
107691
107690
107689
107688
107687
107686
107685
107684
107683
107682
107681
107680
107679
107678
107677
107676
107675
107674
107673
107672
107671
107670
107669
107668
107667
107666
107665
107664
107663
107662
107661
107660
107659
107658
107657
107656
107655
107654
107653
107652
107651
107650
107649
107648
107647
107646
107645
107644
107643
107642
107641
107640
107639
107638
107637
107636
107635
107634
107633
107632
107631
107630
107629
107628
107627
107626
107625
107624
107623
107622
107621
107620
107619
107618
107617
107616
107615
107614
107613
107612
107611
107610
107609
107608
107607
107606
107605
107604
107603
107602
107601
107600
107599
107598
107597
107596
107595
107594
107593
107592
107591
107590
107589
107588
107587
107586
107585
107584
107583
107582
107581
107580
107579
107578
107577
107576
107575
107574
107573
107572
107571
107570
107569
107552
107548
107545
107543
107541
107538
107536
107484
107482
107481
107479
107478
107477
107476
107473
107471
107470
107469
107468
107467
107466
107465
107464
107463
107462
107461
107460
107457
107456
107455
107454
107453
107452
107379
106982
106980
106976
106974
106961
106960
106627
106626
106625
106624
106623
106622
106621
106620
106619
106618
106617
106616
106615
106614
106613
106612
106611
106610
106609
106608
106607
106606
106605
106604
106603
106602
106601
106600
106599
106598
106597
106596
106595
106594
106593
106592
106591
106590
106589
106588
106587
106586
106585
106584
106583
106582
106581
106580
106579
106578
106577
106576
106575
106574
106573
106572
106571
106570
106569
106568
106567
106566
106565
106564
106563
106562
106561
106560
106559
106558
106557
106556
106555
106554
106553
106552
106551
106550
106549
106548
106547
106546
106545
106544
106543
106542
106541
106540
106539
106538
106537
106536
106535
106534
106533
106532
106531
106530
106529
106528
106527
106526
106525
106524
106523
106522
106521
106520
106519
106518
106517
106516
106515
106514
106513
106512
106511
106510
106509
106508
106507
106506
106505
106504
106503
106502
106501
106500
106499
106498
106497
106496
106495
106494
106493
106492
106491
106490
106489
106488
106487
106486
106485
106484
106483
106482
106481
106480
106479
106478
106477
106476
106475
106474
106473
106472
106471
106470
106469
106468
106467
106466
106465
106464
106463
106462
106461
106460
106459
106458
106457
106456
106455
106454
106453
106452
106451
106450
106449
106448
106447
106446
106445
106444
106443
106442
106441
106440
106439
106438
106437
106436
106435
106434
106433
106432
106431
106430
106429
106428
106427
106426
106425
106424
106423
106422
106421
106420
106419
106418
106417
106416
106415
106414
106413
106412
106411
106410
106409
106408
106407
106406
106405
106404
106403
106402
106401
106400
106399
106398
106397
106396
106395
106394
106393
106392
106391
106390
106389
106388
106387
106386
106385
106384
106383
106382
106381
106380
106379
106378
106377
106376
106375
106374
106373
106372
106371
106370
106369
106368
106367
106366
106365
106364
106363
106362
106361
106360
106359
106358
106357
106356
106355
106354
106353
106352
106351
106350
106349
106348
106347
106346
106345
106344
106343
106342
106341
106340
106339
106338
106337
106336
106335
106334
106333
106332
106331
106330
106329
106328
106327
106326
106325
106324
106323
106322
106321
106320
106319
106318
106317
106316
106315
106314
106313
106312
106311
106310
106309
106308
106307
106306
106305
106304
106303
106302
106301
106300
106299
106298
106297
106296
106295
106294
106293
106292
106291
106290
106289
106288
106287
106286
106285
106284
106283
106282
106281
106280
106279
106278
106277
106276
106275
106274
106273
106272
106271
106270
106269
106268
106267
106266
106265
106264
106263
106262
106261
106260
106259
106258
106257
106256
106255
106254
106253
106252
106251
106250
106249
106248
106247
106246
106245
106244
106243
106242
106241
106240
106239
106238
106237
106236
106235
106234
106233
106232
106231
106230
106229
105429
105427
105423
105385
105375
105374
105372
105371
105370
105369
105367
105366
105365
105321
105320
105310
105253
104898
104897
104896
104895
104894
104893
104892
104891
104890
104889
104888
104887
104886
104885
104884
104883
104882
104881
104880
104879
104878
104877
104876
104875
104874
104873
104872
104871
104870
104869
104868
104867
104866
104865
104864
104863
104862
104861
104860
104859
104858
104857
104856
104855
104854
104853
104852
104851
104850
104849
104848
104847
104846
104845
104844
104843
104842
104841
104840
104839
104838
104837
104836
104835
104834
104833
104832
104831
104830
104829
104828
104827
104826
104825
104824
104823
104822
104821
104820
104819
104818
104817
104816
104815
104814
104813
104812
104811
104810
104809
104808
104807
104806
104805
104804
104803
104802
104801
104800
104799
104798
104797
104796
104795
104794
104793
104792
104791
104790
104789
104788
104787
104786
104785
104784
104783
104782
104781
104780
104779
104778
104777
104776
104775
104774
104773
104772
104771
104770
104769
104768
104767
104766
104765
104764
104763
104762
104761
104760
104759
104758
104757
104756
104755
104754
104753
104752
104751
104750
104749
104748
104747
104746
104745
104744
104743
104742
104741
104740
104739
104738
104737
104736
104735
104734
104733
104732
104731
104730
104729
104728
104727
104726
104725
104724
104723
104722
104721
104720
104719
104718
104717
104716
104715
104714
104713
104712
104711
104710
104709
104708
104707
104706
104705
104704
104703
104702
104701
104700
104699
104698
104697
104696
104695
104694
104693
104692
104691
104690
104689
104688
104687
104686
104685
104684
104683
104682
104681
104680
104679
104678
104677
104676
104675
104674
104673
104672
104671
104670
104669
104668
104667
104666
104665
104664
104663
104662
104661
104660
104659
104658
104657
104656
104655
104654
104653
104652
104651
104650
104649
104648
104647
104646
104645
104644
104643
104642
104641
104640
104639
104638
104637
104636
104635
104634
104633
104632
104631
104630
104629
104628
104627
104626
104625
104624
104623
104622
104621
104620
104619
104618
104617
104616
104615
104614
104613
104612
104611
104610
104609
104608
104607
104606
104605
104604
104603
104602
104601
104600
104599
104598
104597
104596
104595
104594
104593
104592
104591
104590
104589
104588
104587
104586
104585
104584
104583
104582
104581
104580
104579
104578
104577
104576
104575
104574
104573
104572
104571
104570
104569
104568
104567
104566
104565
104564
104563
104562
104561
104560
104559
104558
104557
104556
104555
104554
104553
104552
104551
104550
104549
104548
104547
104546
104545
104544
104543
104542
104541
104540
104539
104538
104537
104536
104535
104534
104533
104532
104531
104530
104529
104528
104527
104526
104525
104524
104523
104522
104521
104520
104519
104518
104517
104516
104515
104514
104513
104512
104511
104510
104509
104508
104507
104506
104505
104504
104503
104502
104501
104500
104499
104498
104497
104496
104495
104494
104493
104492
104491
104490
104489
104488
104487
104486
104485
104484
104483
104482
104481
104480
104479
104478
104477
104476
104475
104474
104473
104472
104469
104443
104371
104369
104366
104339
104337
104336
104334
104065
104062
104061
104060
104052
104050
103783
103782
103781
103780
103779
103778
103777
103776
103775
103774
103773
103772
103771
103770
103769
103768
103767
103766
103765
103764
103763
103762
103761
103760
103759
103758
103757
103756
103755
103754
103753
103752
103751
103750
103749
103748
103747
103746
103745
103744
103743
103742
103741
103740
103739
103738
103737
103736
103735
103734
103733
103732
103731
103730
103729
103728
103727
103726
103725
103724
103723
103722
103721
103720
103719
103718
103717
103716
103715
103714
103713
103712
103711
103710
103709
103708
103707
103706
103705
103704
103703
103702
103701
103700
103699
103698
103697
103696
103695
103694
103693
103692
103691
103690
103689
103688
103687
103686
103685
103684
103683
103682
103681
103680
103679
103678
103677
103676
103675
103674
103673
103672
103671
103670
103669
103668
103667
103666
103665
103664
103663
103662
103661
103660
103659
103658
103657
103656
103655
103654
103653
103652
103651
103650
103649
103648
103647
103646
103645
103644
103643
103642
103641
103640
103639
103638
103637
103636
103635
103634
103633
103632
103631
103630
103629
103628
103627
103626
103625
103624
103623
103622
103621
103620
103619
103618
103617
103616
103615
103614
103613
103612
103611
103610
103609
103608
103607
103606
103605
103604
103603
103602
103601
103600
103599
103598
103597
103596
103595
103594
103593
103592
103591
103590
103589
103588
103587
103586
103585
103584
103583
103582
103581
103580
103579
103578
103577
103576
103575
103574
103573
103572
103571
103570
103569
103568
103567
103566
103565
103564
103563
103562
103561
103560
103559
103558
103557
103556
103555
103554
103553
103552
103551
103550
103549
103548
103547
103546
103545
103544
103543
103542
103541
103540
103539
103538
103537
103536
103535
103534
103533
103532
103531
103530
103529
103528
103527
103526
103525
103524
103523
103522
103521
103520
103519
103518
103517
103516
103515
103514
103513
103512
103511
103510
103509
103508
103507
103506
103505
103504
103503
103502
103501
103500
103499
103498
103497
103496
103495
103494
103493
103492
103491
103490
103489
103488
103487
103486
103485
103484
103483
103482
103481
103480
103479
103478
103477
103476
103475
103474
103473
103472
103471
103470
103469
103468
103467
103466
103465
103464
103463
103462
103461
103460
103459
103458
103457
103456
103455
103454
103453
103452
103451
103450
103449
103441
103437
103424
103421
103420
103386
103385
103384
103383
103382
103381
103380
103379
103378
103377
103376
103375
103374
103373
103372
103371
103370
103369
103368
103367
103366
103365
103364
103363
103362
103312
103311
103310
103309
103308
103307
103306
103305
103304
103303
103302
103301
103300
103299
103298
103297
103296
103295
103294
103293
103292
103291
103290
103289
103288
103287
103286
103285
103284
103283
103282
103281
103280
103279
103278
103277
103276
103275
103274
103273
103272
103271
103270
103269
103268
103267
103266
103265
103264
103209
103208
103207
103206
103205
103204
103203
103202
103201
103200
103199
103198
103197
103196
103195
103194
103193
103192
103191
103190
103189
103188
103187
103186
103185
103184
103183
103182
103181
103180
103179
103178
103177
103176
103175
103174
103173
103172
103171
103170
103169
103168
103167
103166
103165
103164
103163
103162
103161
103160
103159
103158
103157
103156
103151
103150
103149
103148
103040
103039
103038
103037
103036
103035
103034
103033
103032
103031
103030
103029
103028
103027
103026
103025
103024
103023
103022
103021
103020
103019
103018
103017
103016
103015
103014
103013
103012
103011
103010
103009
103008
103007
103006
103005
103004
103003
103002
103001
103000
102999
102998
102997
102996
102995
102994
102993
102992
102991
102990
102989
102988
102987
102986
102985
102984
102983
102982
102981
102980
102979
102978
102977
102976
102975
102974
102973
102972
102971
102970
102969
102968
102967
102966
102965
102964
102963
102962
102961
102960
102959
102958
102957
102956
102955
102954
102953
102952
102951
102950
102949
102948
102947
102946
102855
102854
102853
102852
102851
102850
102849
102848
102847
102846
102845
102844
102843
102842
102841
102840
102839
102838
102837
102836
102835
102834
102833
102832
102831
102830
102829
102828
102827
102826
102825
102824
102823
102822
102821
102820
102819
102818
102817
102816
102815
102814
102813
102812
102811
102810
102809
102808
102807
102806
102805
102804
102803
102802
102801
102800
102799
102798
102797
102795
102794
102793
102792
102791
102790
102789
102788
102787
102786
102785
102784
102783
102782
102781
102780
102779
102778
102777
102776
102775
102774
102773
102772
102771
102770
102769
102768
102767
102766
102741
102740
102739
102738
102737
102736
102735
102734
102733
102732
102731
102730
102729
102728
102727
102726
102725
102724
102723
102722
102721
102720
102719
102718
102692
102691
102690
102689
102688
102687
102686
102685
102684
102683
102682
102681
102680
102679
102678
102677
102676
102675
102674
102673
102672
102671
102670
102669
102668
102520
102519
102518
102517
102516
102515
102514
102513
102512
102511
102510
102509
102508
102507
102506
102505
102504
102503
102502
102501
102500
102499
102498
102497
102496
102495
102494
102493
102492
102491
102490
102489
102488
102487
102486
102485
102484
102483
102482
102481
102480
102479
102478
102477
102476
102475
102474
102473
102472
102244
102243
102242
102241
102240
102239
102238
102237
102236
102235
102234
102233
102232
102231
102230
102229
102228
102227
102226
102225
102224
102223
102222
102221
102220
102219
102218
102217
102216
102215
102214
102181
102180
102179
102178
102177
102176
102175
102174
102173
102172
102171
102170
102169
102168
102167
102166
102165
102164
102163
102162
102161
102160
102159
102158
102157
102156
102155
102154
102153
102152
102151
102150
102023
101898
101897
101896
101895
101894
101893
101892
101891
101890
101889
101888
101887
101886
101885
101884
101883
101882
101881
101880
101879
101878
101877
101876
101875
101874
101873
101872
101871
101870
101869
101868
