42010
42009
42008
42007
42006
42005
42004
42003
42002
42001
42000
41999
41998
41997
41996
41995
41994
41993
41992
41991
41990
41989
41988
41987
41986
41985
41984
41983
41982
41981
41980
41979
41978
41977
41976
41975
41974
41973
41972
41971
41970
41969
41968
41967
41966
41965
41964
41963
41962
41961
41960
41959
41958
41809
41808
41807
41806
41805
41804
41803
41802
41801
41800
41799
41798
41797
41796
41795
41794
41793
41792
41791
41790
41789
41788
41787
41786
41785
41784
41783
41782
41781
41780
41779
41778
41777
41776
41775
41774
41773
41772
41771
41770
41769
41768
41767
41766
41765
41764
41763
41762
41761
41760
41759
41758
41757
41756
41755
41754
41753
41752
41751
41750
41749
41748
41747
41746
41745
41744
41743
41742
41741
41740
41739
41738
41737
41736
41735
41734
41733
41732
41731
41730
41729
41728
41727
41726
41725
41724
41723
41722
41721
41720
41719
41718
41717
41716
41715
41714
41713
41712
41711
41710
41709
41708
41707
41706
41705
41704
41703
41702
41701
41700
41699
41698
41697
41696
41695
41694
41693
41692
41691
41690
41689
41688
41686
41685
41684
41683
41682
41681
41680
41679
41678
41677
41676
41675
41674
41673
41672
41671
41670
41669
41668
41667
41666
41665
41664
41663
41662
41661
41660
41659
41658
41657
41656
41655
41654
41653
41652
41651
41650
41649
41648
41647
41646
41645
41644
41643
41642
41641
41640
41639
41638
41637
41636
41635
41634
41633
41632
41631
41630
41629
41628
41627
41626
41625
41624
41623
41622
41621
41620
41619
41618
41617
41616
41615
41614
41613
41612
41611
41610
41609
41608
41607
41606
41605
41604
41603
41602
41601
41600
41599
41598
41597
41596
41595
41594
41593
41592
41591
41590
41589
41588
41587
41586
41585
41584
41583
41582
41581
41580
41579
41578
41577
41576
41575
41574
41573
41572
41571
41570
41569
41568
41567
41566
41565
41564
41563
41562
41561
41560
41559
41558
41557
41556
41555
41554
41553
41552
41551
41550
41549
41548
41547
41546
41544
41543
41542
41541
41540
41539
41538
41537
41536
41535
41534
41533
41532
41531
41530
41529
41528
41527
41526
41525
41524
41523
41522
41521
41520
41519
41518
41517
41516
41515
41514
41513
41512
41371
41370
41369
41368
41367
41366
41365
41364
41363
41362
41361
41360
41359
41358
41357
41356
41355
41354
41353
41352
41351
41350
41349
41348
41347
41346
41345
41344
41343
41342
41341
41340
41339
41338
41337
41336
41335
41334
41333
41332
41331
41330
41329
41328
41327
41326
41325
41324
41323
41322
41321
41320
41319
41318
41317
41316
41315
41314
41313
41312
41311
41310
41309
41308
41307
41306
41305
41304
41303
41302
41301
41300
41299
41298
41297
41296
41295
41294
41293
41292
41291
41290
41289
41288
41287
41286
41285
41284
41283
41282
41281
41280
41279
41278
41277
41276
41275
41274
41273
41272
41271
41270
41269
41268
41267
41266
41265
41264
41263
41262
41261
41260
41259
41258
41257
41256
41255
41254
41253
41252
41251
41250
41249
41248
41247
41246
41245
41244
41243
41242
41241
41240
41239
41238
41237
41236
41235
41234
41233
41232
41231
41230
41229
41228
41227
41226
41225
41224
41223
41222
41221
41220
41219
41218
41217
41216
41215
41214
41213
41212
41211
41210
41209
41208
41207
41206
41205
41204
41203
41202
41201
41200
41199
41198
41197
41196
41195
41194
41193
41192
41191
41190
41189
41188
41187
41186
41185
41184
41182
41181
41180
41179
41178
41177
41176
41175
41174
41173
41172
41171
41170
41169
41168
41167
41166
41165
41164
41163
41162
41161
41160
41159
41158
41157
41156
41155
41154
41153
41152
41151
41150
41149
41148
41147
41146
41145
41144
41143
41142
41141
41140
41139
41138
41137
41136
41135
41134
41133
41132
41131
41130
41129
41128
41127
41126
41125
41124
41123
41122
41121
41120
41119
41118
41117
41116
41115
41114
41113
41112
41111
41110
41109
41108
41107
41106
41105
41104
41103
41102
41101
41100
41099
41098
41097
41096
41095
41094
41093
41092
41058
41057
41056
41055
41054
41053
41052
41051
41050
41049
41048
41047
41046
41045
41044
41043
41042
41041
41040
41039
41038
41037
41036
41035
41034
41033
41032
41031
41030
41029
41028
41027
41026
41025
41024
41023
41022
41021
41020
41019
41018
41017
41016
41015
41014
41013
41012
41011
41010
41009
41008
41007
41006
41005
41004
40848
40847
40846
40845
40844
40843
40842
40841
40840
40839
40838
40837
40836
40835
40834
40833
40832
40831
40830
40829
40828
40827
40826
40825
40824
40823
40822
40821
40820
40819
40818
40817
40816
40815
40814
40813
40812
40811
40810
40809
40808
40807
40806
40805
40804
40803
40802
40801
40800
40799
40798
40797
40796
40795
40794
40793
40792
40791
40790
40789
40788
40787
40786
40785
40784
40783
40782
40781
40780
40779
40778
40777
40776
40775
40774
40773
40772
40771
40770
40769
40768
40767
40766
40765
40764
40763
40762
40761
40760
40759
40758
40757
40756
40755
40754
40753
40752
40751
40750
40749
40748
40747
40746
40745
40744
40743
40742
40741
40740
40739
40738
40737
40736
40735
40734
40733
40732
40731
40730
40729
40728
40727
40726
40725
40724
40723
40722
40721
40720
40719
40718
40717
40716
40715
40714
40713
40712
40711
40710
40709
40708
40707
40706
40705
40704
40703
40702
40701
40700
40699
40698
40697
40696
40695
40694
40693
40692
40691
40690
40689
40688
40687
40686
40685
40684
40683
40682
40681
40680
40679
40678
40677
40676
40675
40674
40673
40672
40671
40670
40669
40668
40667
40666
40665
40664
40478
40477
40476
40475
40474
40473
40472
40471
40470
40469
40468
40467
40466
40465
40464
40463
40462
40461
40460
40459
40458
40457
40456
40455
40454
40453
40452
40451
40450
40449
40448
40447
40446
40445
40444
40443
40442
40441
40440
40439
40438
40437
40436
40435
40434
40433
40432
40431
40430
40429
40428
40427
40426
40425
40424
40423
40422
40421
40420
40419
40418
40417
40416
40415
40414
40413
40412
40411
40410
40409
40408
40407
40406
40405
40404
40403
40402
40401
40400
40399
40398
40397
40396
40395
40394
40393
40392
40391
40390
40389
40388
40387
40386
40385
40384
40383
40382
40381
40380
40379
40378
40377
40376
40375
40374
40373
40371
40370
40369
40368
40367
40366
40365
40364
40363
40362
40361
40360
40359
40358
40357
40356
40355
40354
40353
40352
40351
40350
40349
40348
40347
40346
40345
40344
40343
40342
40341
40340
40339
40338
40337
40336
40335
40334
40333
40332
40331
40330
40329
40328
40327
40326
40325
40324
40323
40322
40321
40320
40319
40318
40317
40316
40315
40314
40313
40312
40311
40310
40309
40308
40307
40306
40305
40304
40303
40302
40301
40300
40299
40298
40297
40296
40295
40294
40293
40292
40291
40290
40289
40288
40287
40286
40285
40284
40283
40282
40281
40280
40279
40278
40277
40276
40275
40274
40273
40272
40271
40270
40269
40268
40267
40266
40265
40264
40263
40262
40261
40260
40259
40258
40257
40256
40255
40254
40253
40252
40251
40250
40249
40248
40247
40246
40245
40244
40243
40242
40241
40240
40239
40238
40237
40236
40235
40234
40233
40232
40231
40230
40229
40228
40227
40226
40225
40224
40223
40222
40221
40220
40219
40218
40217
40216
40215
40214
40213
40212
40211
40210
40209
40208
40207
40206
40205
40204
40203
40202
40201
40200
40199
40198
40197
40196
40195
40194
40193
40192
40191
40190
40189
40188
40187
40186
40185
40184
40183
40182
40181
40180
40179
40178
40177
40176
40175
40174
40173
40172
40171
40170
40169
40168
40167
40166
40165
40164
40163
40162
40161
40160
40159
40158
40157
40156
40155
40154
40153
40152
40151
40150
40149
40148
40147
40146
40145
40144
40143
40142
40141
40140
40139
40138
40137
40136
40135
40134
40133
40132
40131
40130
40129
40128
40127
40126
40125
40124
40123
40122
40121
40120
40119
40118
40117
40116
40115
40114
40113
40112
40111
40110
40109
40031
40030
40029
40028
40027
40026
40025
40024
40023
40022
40021
40020
40019
40018
40017
40016
40015
40014
40013
40012
40011
40010
40009
40008
40007
40006
40005
40004
40003
40002
40001
40000
39999
39998
39997
39996
39995
39994
39993
39992
39991
39990
39989
39988
39987
39986
39985
39984
39983
39982
39981
39980
39979
39978
39977
39976
39975
39974
39973
39972
39971
39970
39969
39968
39967
39966
39965
39964
39963
39962
39961
39960
39959
39958
39957
39956
39955
39954
39953
39952
39951
39950
39949
39948
39947
39946
39945
39944
39943
39942
39941
39940
39939
39938
39937
39936
39935
39934
39933
39932
39931
39930
39929
39928
39927
39926
39925
39924
39923
39922
39921
39920
39919
39918
39917
39916
39915
39914
39913
39912
39911
39910
39909
39908
39907
39906
39905
39904
39903
39902
39901
39900
39899
39898
39897
39896
39895
39894
39893
39892
39891
39890
39889
39888
39887
39886
39885
39884
39883
39882
39881
39880
39879
39878
39875
39874
39873
39872
39827
39826
39825
39824
39823
39822
39821
39820
39819
39818
39817
39816
39815
39814
39813
39812
39811
39810
39809
39808
39807
39806
39805
39804
39803
39802
39801
39800
39799
39798
39797
39796
39795
39794
39793
39792
39791
39790
39789
39788
39787
39786
39785
39784
39783
39782
39781
39780
39779
39778
39777
39776
39775
39774
39773
39772
39771
39770
39769
39768
39767
39766
39765
39764
39763
39762
39761
39760
39759
39758
39757
39756
39755
39754
39753
39752
39751
39750
39749
39748
39747
39746
39745
39744
39743
39742
39741
39740
39572
39571
39570
39569
39568
39567
39566
39565
39564
39563
39562
39561
39560
39559
39558
39557
39556
39555
39554
39553
39552
39551
39550
39549
39548
39547
39546
39545
39544
39543
39542
39541
39540
39539
39538
39537
39536
39535
39534
39533
39532
39531
39530
39529
39528
39527
39526
39525
39524
39523
39522
39521
39520
39519
39518
39517
39516
39515
39514
39513
39512
39511
39510
39509
39508
39507
39506
39505
39504
39503
39502
39501
39500
39499
39498
39497
39496
39495
39494
39493
39492
39491
39490
39489
39488
39487
39486
39485
39484
39483
39482
39481
39480
39479
39478
39477
39476
39475
39474
39473
39472
39471
39470
39469
39468
39467
39466
39465
39464
39463
39462
39461
39460
39459
39458
39457
39456
39455
39454
39453
39452
39451
39450
39449
39448
39447
39446
39445
39444
39443
39442
39441
39440
39439
39438
39437
39436
39435
39434
39433
39432
39431
39430
39429
39428
39427
39426
39425
39424
39423
39422
39421
39420
39419
39418
39417
39416
39415
39414
39413
39412
39411
39410
39409
39408
39407
39406
39405
39404
39403
39402
39401
39400
39399
39398
39397
39396
39395
39394
39393
39392
39391
39390
39389
39388
39387
39386
39385
39384
39383
39382
39381
39380
39379
39378
39377
39376
39375
39374
39373
39372
39371
39370
39369
39368
39367
39366
39365
39364
39363
39362
39361
39360
39359
39358
39357
39356
39355
39353
39352
39351
39350
39349
39348
39347
39346
39345
39344
39343
39342
39341
39340
39339
39338
39337
39336
39335
39334
39333
39332
39331
39330
39329
39328
39327
39326
39325
39324
39323
39322
39321
39320
39319
39318
39317
39316
39315
39314
39313
39312
39311
39310
39309
39308
39307
39306
39305
39304
39303
39302
39280
39279
39278
39277
39276
39275
39274
39273
39272
39271
39270
39269
39268
39267
39266
39265
39264
39263
39262
39261
39260
39259
39258
39241
39240
39239
39238
39237
39236
39235
39234
39233
39232
39231
39230
39229
39228
39227
39226
39225
39223
39222
39216
39215
39214
39213
39212
39209
39208
39206
39204
38666
38543
38542
38541
38540
38539
38538
38537
38536
38535
38534
38533
38532
38531
38530
38529
38528
38527
38526
38525
38524
38523
38522
38521
38520
38519
38518
38517
38516
38515
38514
38513
38512
38511
38510
38509
38508
38507
38506
38505
38504
38503
38502
38501
38500
38499
38498
38497
38496
38495
38494
38493
38492
38491
38490
38489
38488
38487
38486
38485
38484
38483
38482
38481
38480
38479
38478
38477
38476
38475
38474
38473
38472
38471
38470
38469
38468
38467
38466
38465
38464
38463
38462
38461
38460
38459
38458
38457
38456
38455
38454
38453
38452
38451
38450
38449
38448
38447
38446
38445
38444
38443
38442
38441
38440
38439
38438
38437
38436
38435
38434
38433
38432
38431
38430
38429
38428
38427
38426
38425
38424
38423
38422
38421
38420
38419
38417
38285
38284
38283
38282
38281
38280
38279
38278
38277
38276
38275
38274
38273
38272
38271
38270
38269
38268
38267
38266
38265
38264
38263
38262
38261
38260
38259
38258
38257
38256
38255
38254
38253
38252
38251
38250
38249
38248
38247
38246
38245
38244
38243
38242
38241
38240
38239
38238
38237
38236
38235
38234
38233
38232
38231
38230
38229
38228
38227
38226
38225
38224
38223
38222
38221
38220
38219
38218
38217
38216
38215
38214
38213
38212
38211
38210
38209
38208
38207
38206
38205
38204
38203
38202
38201
38200
38199
38198
38197
38196
38195
38194
38193
38192
38191
38190
38189
38188
38187
38186
38185
38184
38183
38182
38181
38180
38179
38178
38177
38176
38175
38174
38173
38172
38171
38170
38169
38168
38167
38166
38165
38164
38163
38162
38161
38160
38159
38158
38157
38156
38155
38154
38153
38152
38151
38150
38149
38148
38147
38146
38145
38144
38143
38142
38141
38140
38139
38138
38103
38102
38101
38100
38099
38098
38097
38096
38095
38094
38093
38092
38091
38090
38089
38088
38087
38086
38085
38084
38083
38082
38081
38080
38079
38078
38077
38076
38075
38074
38073
38072
38071
38070
38069
38068
38067
37915
37914
37913
37912
37911
37910
37909
37908
37907
37906
37905
37904
37903
37902
37901
37900
37899
37898
37897
37896
37895
37894
37893
37892
37891
37890
37889
37888
37887
37886
37885
37884
37883
37882
37881
37880
37879
37878
37877
37876
37875
37874
37873
37872
37871
37870
37869
37868
37867
37866
37865
37864
37863
37862
37861
37860
37859
37858
37857
37856
37855
37854
37853
37852
37851
37850
37849
37848
37847
37846
37845
37844
37843
37842
37841
37840
37839
37838
37837
37836
37835
37834
37833
37832
37831
37830
37829
37828
37827
37826
37825
37824
37823
37822
37821
37820
37819
37818
37817
37816
37815
37814
37813
37812
37811
37810
37809
37808
37807
37806
37805
37804
37803
37802
37801
37800
37799
37798
37797
37796
37795
37794
37793
37792
37791
37790
37789
37788
37787
37786
37785
37784
37783
37782
37781
37780
37779
37778
37777
37776
37775
37774
37773
37772
37771
37770
37769
37768
37767
37766
37765
37764
37763
37762
37761
37760
37759
37758
37757
37756
37755
37754
37753
37752
37744
37743
37742
37741
37740
37739
37738
37726
37725
37724
37723
37721
37717
37716
37715
37711
37710
37709
37702
37701
37700
37699
37698
37697
37693
37692
37691
37690
37667
37666
37665
37664
37663
37662
37661
37660
37659
37658
37657
37656
37655
37654
37653
37652
37651
37650
37649
37648
37647
37646
37645
37644
37643
37642
37628
37627
37626
37625
37624
37623
37622
37621
37620
37619
37618
37617
37616
37605
37604
37603
37602
37601
37600
37599
37598
37597
37596
37595
37581
37580
37579
37578
37577
37576
37575
37574
37573
37572
37571
37570
37569
37568
37567
37554
37553
37552
37551
37550
37549
37548
37547
37546
37545
37544
37543
37542
37541
37529
37528
37527
37526
37525
37524
37523
37522
37521
37520
37519
37517
37516
37377
37376
36979
36978
36977
36976
36975
36974
36973
36972
36971
36970
36969
36968
36967
36966
36965
36964
36963
36962
36961
36960
36959
36958
36957
36956
36955
36954
36953
36952
36951
36950
36949
36948
36947
36946
36945
36944
36943
36942
36941
36940
36939
36938
36937
36936
36935
36934
36933
36932
36931
36930
36929
36928
36927
36926
36925
36924
36923
36922
36921
36920
36919
36918
36917
36916
36915
36914
36913
36912
36911
36910
36909
36908
36907
36906
36905
36904
36903
36902
36901
36900
36899
36898
36897
36896
36895
36894
36893
36892
36891
36890
36889
36888
36887
36886
36885
36884
36883
36882
36881
36880
36879
36878
36877
36876
36875
36874
36873
36872
36871
36870
36869
36868
36867
36866
36865
36864
36863
36862
36861
36860
36859
36858
36857
36856
36855
36854
36853
36852
36851
36850
36849
36848
36847
36846
36845
36844
36843
36842
36841
36840
36839
36838
36837
36836
36835
36834
36833
36832
36831
36830
36829
36828
36827
36826
36825
36824
36823
36822
36821
36820
36819
36818
36817
36816
36815
36814
36813
36812
36811
36810
36809
36808
36807
36806
36805
36804
36803
36802
36801
36800
36799
36798
36797
36796
36795
36794
36793
36792
36791
36790
36789
36788
36787
36786
36785
36784
36783
36782
36781
36780
36779
36778
36777
36776
36775
36774
36773
36772
36771
36770
36769
36768
36767
36766
36765
36764
36763
36762
36761
36760
36759
36758
36757
36756
36755
36754
36753
36752
36751
36750
36749
36748
36747
36746
36745
36744
36743
36742
36741
36740
36739
36738
36737
36736
36735
36734
36733
36732
36731
36730
36729
36728
36727
36726
36725
36724
36723
36722
36721
36720
36719
36718
36717
36716
36715
36714
36713
36712
36711
36710
36709
36708
36707
36706
36705
36704
36703
36702
36701
36700
36699
36698
36697
36696
36695
36694
36693
36692
36691
36690
36689
36688
36687
36686
36685
36684
36683
36682
36681
36680
36679
36678
36677
36676
36675
36674
36673
36672
36671
36670
36669
36668
36667
36666
36665
36664
36663
36662
36661
36660
36659
36658
36657
36656
36655
36654
36653
36652
36651
36650
36649
36648
36647
36646
36645
36644
36643
36642
36641
36640
36639
36638
36637
36636
36635
36634
36633
36632
36631
36630
36629
36628
36627
36626
36625
36624
36623
36622
36621
36620
36619
36618
36617
36616
36615
36614
36613
36612
36611
36610
36609
36608
36607
36606
36605
36604
36603
36602
36601
36600
36599
36598
36597
36596
36595
36594
36593
36592
36591
36590
36589
36588
36587
36586
36585
36584
36583
36582
36581
36580
36579
36578
36577
36576
36575
36574
36573
36572
36571
36570
36569
36568
36567
36566
36565
36564
36563
36562
36561
36560
36559
36558
36557
36556
36555
36554
36553
36552
36551
36550
36549
36548
36547
36546
36545
36544
36542
36540
36077
36076
36075
36074
36073
36072
36071
36070
36069
36068
36067
36066
36065
36064
36063
36062
36061
36060
36059
36058
36057
36056
36055
36054
36053
36052
36051
36050
36049
36048
36047
36046
36045
36044
36043
36042
36041
36040
36039
36038
36037
36036
36035
36034
36033
36032
36031
36030
36029
36028
36027
36026
36025
36024
36023
36022
36021
36020
36019
36018
36017
36016
36015
36014
36013
36012
36011
36010
36009
36008
36007
36006
36005
36004
36003
36002
36001
36000
35999
35998
35997
35996
35995
35994
35993
35992
35991
35990
35989
35988
35987
35986
35985
35984
35983
35982
35981
35980
35979
35978
35977
35976
35975
35974
35973
35972
35971
35970
35969
35968
35967
35966
35965
35964
35963
35962
35961
35960
35959
35958
35957
35956
35955
35954
35953
35952
35951
35950
35949
35948
35947
35946
35945
35944
35943
35942
35941
35940
35939
35938
35937
35936
35935
35934
35933
35932
35931
35930
35929
35928
35927
35926
35925
35924
35923
35922
35921
35920
35919
35918
